2.709296640381447883e-03 9.742136567381580285e-04 1.299266152537758125e-03 4.782815250085556695e-04 1.723841862407037972e-03 6.046249795144906800e-04 2.213219729041969799e-03 9.975544562243439991e-04 1.040903446522575132e-03 3.476278710547496022e-03
2.079887122343102111e-03 1.583100738477963071e-03 1.320010719598381250e-03 1.372851956068657422e-03 1.088492176813348833e-03 9.156197770757272276e-04 1.710009885351979194e-03 8.780984970336808224e-04 2.335616250286917488e-03 1.765643271760801696e-03
3.675131684951291750e-03 2.543537997707269894e-03 4.086418574376268417e-03 4.301390471032342892e-03 2.306505956874469777e-03 1.143974196154194092e-03 3.375992894203527165e-03 5.277924184138923103e-04 6.492487107726984362e-03 2.870310488488176173e-03
1.165285814837914219e-03 1.453834804513695882e-03 1.489617710250185209e-03 5.696661456594647724e-04 6.673226036983105581e-04 3.692398577567800391e-04 3.886219000444271899e-04 4.411568129212198710e-04 1.887721351322719805e-03 1.068375070533368739e-03
1.589823147862493360e-02 2.894889246077776528e-03 8.283101813934257845e-03 1.602863821528630051e-02 1.742293641250573094e-02 1.335401292006197123e-02 2.216742200643812347e-02 7.950244642965493755e-03 3.095218663487846102e-03 5.047846157462273185e-03
1.012830425099630347e-03 3.744054937852773872e-04 6.559202914712366269e-04 9.728106048248210368e-04 6.025395233608438379e-04 3.357736810952621515e-04 3.463615056303626116e-04 4.305010575317037022e-04 1.368361146296816688e-03 9.916136492702926075e-04
3.713457464567156965e-04 7.250014298380194188e-04 6.484783392100978028e-04 7.653453750802732217e-04 9.289348796771818668e-04 8.116104169563567467e-04 2.760910436234172800e-04 1.893204587902661234e-04 1.617495450287455370e-03 8.019881895853957828e-04
8.394070453538065614e-04 6.337021760702758570e-04 6.696739669653882640e-04 6.030232891728618200e-04 1.730675366345419373e-03 1.718263852404837509e-03 1.403714866650899399e-03 7.527801373973479334e-04 9.044809308527289229e-04 1.011557039526430257e-03
6.227320214045220514e-03 9.029058424472178506e-04 9.975026426353986089e-04 9.868370103645913039e-04 5.025459495790719593e-03 2.002627222654665418e-03 3.090805199315748222e-03 2.189960951864549331e-03 1.661329909575185587e-03 3.088708958458686021e-03
1.133400500857605509e-03 5.748651547538684986e-04 1.230452347802002411e-03 3.349740717441689096e-04 8.908705394423965546e-04 5.654489804750847731e-04 2.195062793752372218e-03 8.498665561572847334e-04 9.259673226949135215e-04 9.540765331820663057e-04
3.764655558190253132e-03 9.933307173635237859e-04 2.979941759382150317e-03 4.686947906673142282e-03 4.241276994510988739e-03 1.524525983379384532e-03 3.708168258910083011e-03 1.996094390073780041e-03 1.324131476426119785e-03 2.062841140408232504e-03
1.141925690516912544e-03 7.410635684919835526e-04 4.157374208223012214e-04 3.665361447985009775e-04 5.808219003445665076e-04 3.429518251285132348e-04 7.587875258970108597e-04 3.889284778431382410e-04 8.315885246091903656e-04 6.101113618048984192e-04
1.161099887366207756e-02 6.525481033116968012e-03 2.049750935032424240e-03 1.859113416354229650e-03 2.191841156246490674e-02 8.019360366572747534e-03 1.998388554849930485e-02 8.397961176363589325e-03 4.195492986967317220e-03 8.467260800144043795e-03
6.197315641975428445e-04 7.976381134052515885e-04 8.489647174929454941e-04 5.879939262317941499e-04 1.579959237417401631e-03 8.278318767132681819e-04 7.850952987488779350e-04 6.155132564466534503e-04 6.236407057182463860e-04 1.326363220668925948e-03
8.980879343069517336e-05 4.758107291618610037e-05 1.953095461055243099e-04 2.788036946751866306e-05 1.040406866574327094e-04 1.578307158437089198e-05 7.589079185782430007e-05 2.294021258593594641e-05 1.866773857081954193e-04 1.553990914597346365e-04
1.827076546179328721e-03 4.433082687938701963e-04 7.920881681233405899e-04 8.788233853115555959e-04 1.946161911181667082e-03 1.088007694142193588e-03 2.473056655602054368e-03 4.256961002930676721e-04 5.747239954528279892e-04 3.050396969258374006e-03
1.119719824668030314e-02 8.709762001242753529e-03 8.142366738013511254e-03 1.706228336559450012e-02 3.776644000913233039e-03 1.447318608699691561e-02 3.462062751573916942e-03 7.790874040274719040e-03 5.128318020378437418e-03 1.979317108033195119e-02
1.018454426467222534e-02 1.094579699525044872e-02 9.508171632291203060e-03 1.264333234542790521e-02 1.134231364674903597e-02 1.819911277034696843e-03 3.410928346428176647e-03 5.734682998718320344e-03 2.298317933405390548e-03 1.067362395654515746e-02
2.318861331072932450e-02 1.914704431488740283e-02 1.768163126254560305e-02 2.100463898435849658e-02 1.950632920092191386e-02 5.611705643282181681e-03 1.096634138790888134e-02 6.930298490155610211e-03 2.822360469858415169e-02 1.965217542889110408e-02
1.080652776136474709e-02 8.025297501108507800e-03 5.842866743314491934e-03 5.284291609221032984e-03 2.547441254717351927e-03 5.728652495098780426e-03 2.968676007216898474e-03 2.125165772084356558e-03 1.500008721665937322e-02 6.789876234919930975e-03
2.276606739513926253e-02 1.322750288199576324e-02 5.360624983066206162e-03 5.287293430721771992e-02 2.424428134888156200e-02 3.007485199965753003e-03 9.998155784317336661e-03 2.663481663426001730e-03 5.734245298938729467e-03 1.304334930702144742e-02
7.028767650970482381e-03 6.680525074716986596e-03 7.660516687704682290e-03 5.739357693780686165e-03 3.986233892696564723e-03 6.760849165386751368e-03 2.275191458806545466e-03 4.399156534929480472e-03 1.198371084521277288e-02 8.172890902766042839e-03
8.619498090336008518e-06 1.514236287301974930e-04 1.383732416990960111e-05 1.299541300767385746e-04 2.367067004327133692e-05 9.153072367834573671e-05 7.486460971061076375e-06 nan 1.624223264116675901e-05 2.997776058763595942e-04
7.523518997665682578e-03 6.682420952318568301e-03 7.591392537684297885e-03 3.344159266325140087e-03 2.396834114029268263e-03 3.936955357935634919e-03 3.302941995341349916e-03 4.247482772379064693e-03 9.391618822981227452e-03 6.704625313453090388e-03
1.680369927693040402e-02 2.802055930531658842e-02 1.440597468850224327e-02 1.763144263199864850e-02 1.020738298983521128e-02 1.015123014315382280e-02 2.498805139795267152e-03 7.140540613357163578e-03 8.923518922965060357e-03 1.492369060843802206e-02
1.378996487184296939e-02 1.673877666381651252e-02 9.911538155884774826e-03 8.633100956625557737e-03 7.232282478686354044e-03 1.116252217076429271e-02 3.313185464152039027e-03 8.808500998793017400e-03 2.739764096059527955e-03 8.665850687478873424e-03
1.061088147632752166e-02 3.232311036547609595e-02 2.095641544111070953e-02 2.240570389870627857e-02 2.917431522990106621e-02 7.264863475378870693e-03 1.640239565963123869e-02 4.760159032396036466e-02 2.620115425849317212e-02 1.145084992641105977e-02
4.033835820333751820e-03 9.691336115665610818e-03 6.216695019106755621e-03 1.174958497208957245e-02 6.635305564514715551e-03 4.941788528348195833e-03 3.825519048563665557e-03 4.138976077543553983e-03 2.401507030043608000e-03 1.637262416476661323e-03
1.052092423743424161e-02 3.332212968765431438e-02 9.394009054557266730e-03 8.355588740048540408e-03 2.026668163157376717e-02 4.618856717702490497e-03 1.561007650322200971e-02 4.204376378082660265e-02 4.209427684063427738e-02 7.302359230178814831e-03
3.966851480931590096e-03 1.058079454455958246e-02 7.939092353414186828e-03 5.860925215927972019e-03 6.834759436024533466e-03 5.646492935724243233e-03 3.888176449164268411e-03 6.364993829044074056e-03 2.104950956111367559e-03 8.010216121037611915e-04
5.361521901692699787e-05 6.331380235793156869e-05 5.769609936295189200e-05 1.846843839206110775e-04 1.060465764551184696e-04 1.249523939775622769e-04 2.477160391670110901e-05 nan 4.377848160915506282e-05 5.614063950987969120e-05
5.309289272499026838e-03 4.070148802723689598e-03 4.934237068652485778e-03 3.373993820561354585e-03 6.180419786244097970e-03 6.201606296813651914e-03 9.789142813518732222e-04 5.382640740205388470e-03 2.015508863730764051e-03 1.971240838527388555e-03
1.820264757693744809e-02 1.097918537319223301e-02 7.975889607002554019e-03 2.819640644441295460e-02 2.812782439952222872e-03 3.055428543717444122e-03 5.842601441222050433e-03 3.508800884950616372e-02 7.163174040149901216e-03 1.148531929703748219e-02
2.226591222807597359e-02 2.982239019895650822e-02 4.162137320693193136e-03 2.814588021375146257e-03 1.198964626230367495e-02 2.762376196990241374e-03 5.985718171354428158e-03 1.712174347978770092e-02 3.682090593984485571e-03 9.250590478396453903e-03
2.743093269215515426e-02 1.610128451610511047e-02 2.373312581277556982e-02 1.025077909566815722e-02 1.963749222233502137e-02 7.677918730149526499e-03 7.147231426432754976e-03 3.608024345137704481e-02 3.034449344726415643e-03 3.677350449324222597e-03
9.749481082062503440e-03 5.977052040937330842e-03 7.189136684540245285e-03 2.568212362658629962e-03 5.412822614848046901e-03 3.135010160466399423e-03 1.805380013394842836e-03 1.889084475619354914e-02 4.445285278263055168e-03 6.138549252116528264e-03
1.525101662649253065e-02 2.919753602615464058e-02 1.846226307420788249e-02 1.613487384368026203e-02 1.703530435227513379e-02 5.365621845214666591e-03 1.345375844489282886e-02 5.915834952269415775e-02 3.464905166585821594e-02 3.590319462058111366e-02
5.799630430004162548e-03 1.006992549360703586e-02 6.145415527649622338e-03 2.185335725674678823e-03 9.507256165404612269e-03 3.527965706439124740e-03 6.005963336253894967e-03 5.820491882971188038e-03 7.241078336518268731e-03 2.461741135419306774e-03
0.000000000000000000e+00 0.000000000000000000e+00 nan nan 3.255750665802433251e-05 2.243044994602880687e-05 0.000000000000000000e+00 nan nan nan
1.649161931902225642e-03 3.075466602883221434e-03 5.502406512196271124e-03 4.005638623858024869e-03 1.653411169032829647e-03 4.011239167879634450e-03 4.350274912054514706e-03 5.428839754000106682e-03 7.969147300357732819e-03 3.088398434214917505e-03
3.463951612121542872e-02 3.641426576430510653e-02 6.624277674199127545e-03 3.118861145520069808e-02 9.204058294905545935e-04 7.230990945452832851e-03 9.692218000672804534e-03 1.707519275335327158e-02 7.004786502735519706e-03 2.173053960945749152e-02
1.236328481483378421e-02 1.517756066695930689e-02 3.900422956200340439e-03 8.188719461843465067e-03 7.155786910234173542e-03 2.548483552021300891e-03 2.758088514068867889e-03 9.208504136912657595e-03 6.975701083110163667e-03 3.592854605513133917e-03
4.055772979576213570e-03 2.674871179586899277e-03 1.484986647336290592e-02 5.457560242290437034e-03 7.065062981644156144e-03 1.095908771668536834e-02 3.741961216190096452e-03 1.821318967196066188e-02 3.555833801554391521e-02 9.767887396807424863e-03
3.976413082468609021e-03 6.539818425319563616e-03 7.571813292870785070e-03 1.747546740447916301e-03 4.076772151673977405e-03 4.191411513196145223e-03 2.617510802163570353e-03 6.219099606503261310e-03 1.024787870705582554e-02 4.673746895538909846e-03
2.670698838053647741e-03 7.272876004539336955e-03 5.203427130178224155e-03 4.872969540356453591e-03 9.674378161142794391e-03 1.578470393063895541e-02 2.321164286750662838e-03 1.697386333634261918e-02 3.001903977616035557e-02 4.095317642665614530e-03
8.092769639569136891e-03 1.268375799374804169e-03 4.710751093888786503e-03 5.993236454719592585e-03 5.263054966545260144e-03 2.868210207283824163e-03 2.517560576664932236e-03 5.725622708209815101e-03 1.065152368957047839e-02 3.408916823300598385e-03
2.814957180816116499e-05 2.305174227497280010e-05 nan 3.907582520463490441e-05 2.443805416321558145e-05 3.267314847241175062e-05 3.552325035674201945e-06 nan 0.000000000000000000e+00 nan
7.086745282957085043e-03 3.295279260522507997e-03 6.382148191386945169e-03 2.765289940627032629e-03 4.483020312799557844e-03 3.007252214557816581e-03 9.566661577995504498e-04 6.482031554579853472e-03 8.168516127557487808e-03 4.614663456323280996e-03
2.118707902215981233e-03 7.883825624044339328e-03 5.157646310661707402e-03 1.449826427327361757e-02 5.204623066387798272e-03 4.308427068799205138e-03 8.865640279096257542e-03 7.311198180996437979e-03 2.543394645506449198e-02 4.632124555398066564e-03
3.016017904759838407e-03 2.414179322911083093e-03 3.654556299957096265e-03 2.129636357891833646e-03 1.628021269010549625e-03 1.377732361779706021e-03 2.551990211213349836e-03 1.698709256438179355e-03 4.057643715619702052e-03 2.727010194799638423e-03
5.136223915503562373e-03 6.892058727464215120e-03 2.702518548749445124e-02 1.295288793402928594e-02 3.856890523866953260e-03 4.555331524370205380e-03 1.395302093199363332e-03 2.487098284054407860e-02 4.925505458420534333e-02 6.065644591824711010e-03
2.849647224322546506e-03 5.791857035773641076e-03 3.985562211646141370e-03 7.352987532812385423e-03 4.993248167505404123e-03 2.623420107123118974e-03 5.472744759807854527e-03 7.208420453208279170e-03 6.877045531886097698e-03 9.359927682030439594e-03
1.412384134358355380e-02 6.989678769946865849e-03 1.639911828578907715e-02 1.314696814213967523e-02 3.313213055363048096e-03 1.811329555111847872e-02 5.198374074256147635e-03 3.191503558215747112e-03 6.291564058227141348e-03 8.668445471125732493e-03
6.886349040166332876e-03 1.439550440079637172e-03 4.025357453191265138e-03 9.032371169659356852e-03 1.668285874598223958e-03 8.019489105010279423e-03 2.062985504996990224e-03 8.311561275381523436e-03 7.146586975793371363e-03 2.100607475857038664e-03
2.814957180816116499e-05 0.000000000000000000e+00 1.990183393330333768e-05 nan 9.291125765990189693e-05 2.793050691909697498e-05 1.813351163208955404e-04 nan 6.355138917529253939e-05 nan
7.097355134129017425e-03 5.466695139724161642e-03 5.065186764564531645e-03 2.708624129734600854e-03 3.569186882359071892e-03 3.045793707584106957e-03 3.872822325097951320e-03 4.014477164916464835e-03 5.127953487929647405e-03 3.960836573626641544e-03
2.700084596003361759e-02 2.516890415396443037e-02 1.180597951795750965e-02 1.192224189971488775e-02 2.897355487576481342e-02 6.619931434408800504e-03 2.783157021149696222e-02 2.446950915015861164e-02 2.159739207896755123e-02 1.387315784863240448e-02
9.770720038743137270e-03 4.525198893392028132e-03 3.881302131616147771e-03 8.290663270621856503e-04 8.966600319370464020e-03 1.319583896531190906e-03 2.043648761364301111e-02 3.375198699060186300e-03 4.413090623328655773e-03 5.423576207856969748e-03
8.217848227868612687e-03 3.513994012762347921e-03 6.122206994939241934e-03 7.921893267353886589e-03 7.308890683817067385e-03 1.622217267774811889e-03 7.775251412527671262e-03 6.603161888943159287e-03 1.078369892670700061e-02 3.220036049851951465e-03
6.610755023092202039e-03 6.267900897201927196e-03 9.017454618696527438e-03 3.063387031490141972e-03 4.387894413400561869e-03 4.662955044024917270e-03 2.229497468063540606e-03 5.347004391724963050e-03 1.238653297619903178e-02 4.044742546445003438e-03
2.775367418877778321e-03 3.137958069626732918e-03 8.027959582550859424e-03 2.550706579392902386e-03 8.535770990262338959e-03 2.836128864669176363e-03 1.978110482101525739e-03 6.093978511999571974e-03 4.832324430645667385e-03 2.040543622550784926e-03
8.228920353656233450e-03 3.237176957106558534e-03 8.665439556598986126e-03 4.922809623200108051e-03 4.898048180904212082e-03 2.336020589779800802e-03 1.402377716197233601e-02 5.394304415978089587e-03 9.013797495970869017e-03 1.426412855412555625e-03
5.420135406372091980e-05 1.764269295042838527e-04 6.653145366770471156e-05 1.245368278193506595e-03 2.481626398207941516e-05 1.619390223285525768e-04 7.550003372708405163e-05 2.514523679698872985e-04 1.877639382376384311e-04 2.581109064868461781e-04
6.807298371780089175e-03 4.075893686855142778e-03 5.349912603175346545e-03 3.119805584575380524e-03 2.956510180316070102e-03 5.049531215130902140e-03 1.498072758004807175e-03 3.078016639787268562e-03 7.038387955101577803e-03 9.108330833970550156e-03
nan nan nan nan nan nan nan nan nan nan
6.121222424450754006e-04 9.968406529342224535e-04 8.548404197726644851e-04 6.762411662282815251e-04 3.057046956110588925e-04 8.431085412730389417e-04 7.087777839677497204e-04 1.282526160438875380e-04 1.171977127544716370e-03 1.141884611500569276e-03
5.042577411520155536e-04 8.276540079492320260e-04 9.975573777018566517e-05 1.111443133277309481e-03 4.979346234942499429e-04 6.612334543143879792e-04 1.399232138766647190e-04 3.729419181452430540e-05 7.954734602960149455e-04 8.392346828114268745e-04
2.372421255390820202e-02 7.083055867196864225e-03 7.339912573956083701e-03 2.246131292685919073e-02 1.894695156971109131e-03 1.404335642149648821e-03 6.810382632681771797e-03 4.837639596232955717e-03 7.805069116718462569e-03 1.765915064787982811e-02
1.663564836972887886e-02 8.192101151091528421e-03 8.424285164633581180e-03 1.525474337348071280e-02 8.569279341653053897e-03 1.449266098847290431e-03 7.000152551117970424e-04 4.737521354251226190e-03 1.262653068977304810e-02 4.626099136657145505e-03
5.352923207498281027e-04 2.568283537065445916e-04 6.808644182576976739e-04 1.119774805205124178e-03 4.390998547489056926e-04 3.711701048650680032e-04 2.395902117152203350e-04 7.858476604427248142e-04 8.774194862053289780e-04 3.414535996242513190e-04
2.331171931403891104e-02 1.558647457463009471e-02 1.963509035473790659e-02 1.526048030963369356e-02 4.575610194365062160e-03 7.247025611184493461e-03 6.275267677441790336e-03 4.524112790315490407e-03 1.898476715487895997e-02 1.170608045889784052e-02
1.668985975952631644e-03 1.161968245877505190e-03 2.029052064919453866e-03 1.667671052220540953e-03 1.114689152881930293e-03 1.756026645908831570e-03 8.606642914882091377e-04 2.733973813000221400e-04 2.588363198882111076e-03 1.439992814870566604e-03
5.261963757353980281e-02 2.306183593332724810e-03 1.908711734690732992e-02 2.437060197824465410e-02 3.823195121725173062e-02 1.736357213546354736e-02 2.028024251222180011e-02 4.412508524671942926e-03 1.114139240433528917e-02 7.702421312982069175e-03
1.069247669565994915e-02 4.369928100676715582e-03 3.675289366060163938e-03 1.027371890134451404e-02 7.748594913531883094e-03 9.224424766669878789e-03 5.284667585869543688e-03 9.698268477122923108e-04 5.780103345841231498e-03 4.376694929592889194e-03
5.624180234049132830e-03 1.636814551558860020e-02 2.520348752309366572e-02 8.663931867066392359e-03 3.649067091486831761e-03 3.470633522952988083e-03 2.862638382908093502e-03 1.899977723954054953e-02 3.302832717296818460e-02 4.129312659176963447e-03
3.536927111073695854e-03 5.361492631194789832e-03 3.909821305906996738e-03 4.784927439250380443e-03 5.461638513166424715e-03 4.341134788327359953e-03 5.931110254671402744e-03 6.955607469300763984e-03 9.845968105321324659e-03 5.234226352113604576e-03
3.273581919496340413e-03 5.487753548779426144e-03 1.221596905295040461e-02 7.960300924270028583e-03 2.707790251410830892e-02 2.378697095189435951e-02 7.065650989060281301e-03 1.446599670815467212e-02 1.076010597645833677e-02 1.815882549003388843e-02
5.517636817668716831e-03 4.558851305008673749e-03 3.262365182447267940e-03 4.152428141458644820e-03 4.687636785013883992e-03 7.297020593385331738e-03 3.643392790925614137e-03 1.720627420157648654e-03 6.136765529178979904e-03 7.440328622216296241e-03
1.889497225852801270e-04 3.701193257089757118e-04 6.049307810873662782e-04 4.556870838557024140e-04 2.381344556380775410e-04 6.249034047088479536e-05 2.781868721029835071e-04 3.498898477473533653e-03 3.311253999755267509e-04 5.202785566417979712e-04
7.808824734486571190e-03 4.284497243317831119e-03 3.987199115892182434e-03 4.057536284107429898e-03 4.886591059572016615e-03 2.967154400455251483e-03 6.227198710999491682e-03 2.925392599496060182e-03 7.398584210932952245e-03 6.630845096364426650e-03
2.656018937074072425e-02 1.351396555149668617e-02 7.376124270479840310e-03 1.863887276806190998e-02 1.204298439277192052e-02 2.327189368025018787e-03 1.843210403484895742e-03 2.987277600024100185e-02 7.027797789144700664e-03 1.127412211028703745e-02
2.124397261362622261e-02 2.648215594408936599e-02 3.743210225863315317e-03 1.802507438596157377e-02 1.725157928820374165e-02 4.808366306920314366e-03 4.043840443487671001e-03 2.327808335234480067e-02 4.836272339477492091e-03 7.676183184709071440e-03
3.812278340460881210e-02 1.019566728485390896e-03 4.134615181797294398e-02 1.305160956762887146e-02 9.788535865648923320e-03 9.738033114788683872e-03 4.211925894057386328e-03 5.985364490049305264e-02 4.825436542762858577e-02 9.640732140540903949e-04
1.502757344833202148e-02 6.220470547988708743e-03 1.588015569648526179e-02 2.324610201421640175e-03 5.253460333941205145e-03 7.145315802184648742e-03 9.233922416712931833e-03 1.172674254534035801e-02 1.640262664552412375e-02 3.260204897476927464e-03
5.993688423734464671e-03 2.091869793533684616e-03 3.135069256394080323e-02 4.510734247556396140e-03 3.944426146838563886e-03 2.277058484444850761e-02 6.047245365087049705e-03 3.199083820353876978e-02 5.490278392097524066e-03 9.209540254330968179e-03
1.590607935671750975e-02 2.930426931280024315e-03 1.759840924616175653e-02 3.147231815890134867e-03 8.005205668127700347e-03 3.504191935628887117e-03 9.125333244662293258e-03 1.810019325728676534e-02 2.543084387557297682e-02 6.351899391854047734e-03
9.782921068987586617e-05 1.275193602549713249e-05 nan nan 1.115794402230998966e-05 nan 2.762919472191044978e-05 nan nan nan
7.323305243628085159e-03 6.206926865317163172e-03 1.500085988034042910e-02 3.528578102847313661e-03 7.822590944612424230e-04 5.111905861520750494e-03 3.991997203539310139e-03 9.260171053604215885e-03 1.691377679212016649e-02 5.736996695793020705e-03
1.864648877600122087e-02 1.326408103838844395e-02 2.397224632491121513e-02 3.959695715779868591e-02 2.184715718169030416e-02 4.507042568386285947e-02 4.861703282927611232e-03 2.028631407090451116e-02 3.126217633543644514e-02 1.119762188351337145e-02
1.988421119271788565e-02 7.687554991950351808e-03 8.269069652223615813e-03 3.276729364551972737e-03 3.102507997768582867e-02 2.053984202807065257e-02 1.014764276101122638e-02 7.067353859936200550e-03 1.560129165466043154e-02 1.333913072052646601e-02
1.054767115828900322e-02 1.402296723703983991e-02 2.142346549849301687e-02 5.071442279159244643e-02 2.477773859980519217e-02 1.810552670083923760e-02 5.704071203473325656e-03 2.512501986276259244e-02 4.923531483364501291e-03 5.642205071939926375e-02
1.208742622589628092e-02 3.889653061311621005e-03 1.443758194583575011e-03 9.897312754199295154e-03 7.829767814847130372e-03 8.660469544371513645e-03 3.633689141292413809e-03 1.217323700280334778e-02 2.878931354176135840e-03 7.866935098165252216e-03
1.478261182894529194e-02 3.953792191218336721e-02 3.071174355978326456e-02 5.278653784110693553e-02 2.396360235278615150e-02 1.252039676724378027e-02 1.393764111522822341e-02 4.920760337158235076e-02 9.561433162504323624e-03 8.034515407106038176e-02
1.038820732139547447e-02 4.138970007895251789e-03 4.944928980640602920e-03 1.088370461335835815e-02 1.972463725831963624e-02 3.788873802742441857e-03 4.495828806245232468e-04 6.772874067313715274e-03 9.050947395449362651e-03 5.453702831516070784e-03
nan 0.000000000000000000e+00 0.000000000000000000e+00 nan 3.076539220013043959e-05 4.033347844053267010e-05 nan nan nan nan
9.439179199408625695e-03 6.533677590536089534e-03 1.893267566817033540e-03 5.420170330742523843e-03 3.952152965044126651e-03 6.084694724052719557e-03 4.439161929265712618e-03 1.180740674765720297e-02 4.709089201462922369e-03 4.785657631653706355e-03
2.326181087514917270e-02 7.996067152579028336e-03 1.451827721291726325e-02 1.138002380797832960e-02 2.193711301659853879e-03 1.284755558915798290e-02 3.723768059703124519e-03 2.009887696857710210e-02 2.772201923032751800e-02 5.236565128664079707e-03
1.854202037168124415e-02 3.967647327910979113e-03 4.094702838644746941e-03 1.309076922915760992e-02 3.404561644226400050e-03 1.432109477567235396e-02 1.676181879271419414e-02 3.327344036658867049e-02 4.246260932223946266e-02 1.267938377067454915e-02
1.783650395285305001e-02 1.199932005329118478e-02 5.364197723119305816e-02 1.897009875994344966e-02 3.611352846582243942e-03 1.406658822773234480e-02 4.462079473702907501e-03 5.663825844524053577e-02 4.712724210715596440e-02 1.302605831372249555e-03
4.612326834552206781e-03 5.349702017011752700e-03 6.358356952692201074e-03 7.305672664429684916e-03 1.582194769932125742e-03 2.627228704567621809e-03 3.613360841524419949e-03 1.549912081038507840e-02 1.838206960215630487e-02 3.690095224832702376e-03
3.140487500390734543e-02 9.078813544371970926e-03 2.459547376907573676e-02 1.701197912743920501e-02 5.395212338930677719e-03 7.180535941434610867e-03 6.851321723012029213e-03 5.604697748518424477e-02 2.410851180746086467e-02 8.731815978232988079e-03
1.045030644172920478e-02 1.804547871472036123e-03 1.358688221673713323e-02 1.920213955913725170e-03 2.889365128822124918e-03 3.323126510316974473e-03 4.052367052898859200e-03 1.168053436451349514e-02 1.984564381298381183e-02 5.394104344486236671e-03
2.762919472191044978e-05 2.072189604143283818e-05 nan nan 1.841946314794029872e-05 nan nan nan 9.767251997407300429e-05 nan
2.167870689709013119e-03 1.272679236185964968e-03 9.489273412935551530e-03 1.599679842953797377e-03 4.027837976533824547e-03 3.318013400025190355e-03 1.398759848624155392e-03 6.264895642922599199e-03 1.348788784690220684e-02 3.567713022144184190e-03
5.895335357981746488e-03 1.385186830571836537e-02 2.820725276686884136e-02 4.611022035549922765e-02 2.942158072631691906e-02 1.625142954450667712e-02 2.748464498498430410e-03 1.426868775433640796e-02 1.026185612372617836e-02 4.881584329428374086e-02
1.685695925971131964e-02 3.185976973777027849e-03 9.289141331277162711e-03 1.776648304383995555e-02 3.445685101660215383e-02 2.363922524352657720e-03 1.669576041703455666e-02 1.969864340779245090e-02 7.453977944368161447e-03 7.564573708009681048e-03
2.433682212219164323e-02 3.665220902738113018e-02 4.842875879175513598e-02 6.412562927784781763e-02 2.247171855075007912e-02 1.419768601036700169e-02 1.038952654304989981e-02 2.995857283415804748e-02 9.589768999453917447e-03 8.347835323550828468e-02
1.015588466993236176e-02 7.725657797418107597e-03 7.464354722437780039e-03 1.148360102239261854e-02 1.704266483530055692e-02 9.829881036966798061e-03 4.120278184070905875e-03 1.506540045082147700e-02 9.628600472095481810e-03 3.918171176602818981e-03
nan nan 2.914752329315686494e-02 nan nan nan nan nan nan nan
1.991267972614483434e-02 1.343924498338383046e-02 1.261165162324714636e-02 1.011988941015415887e-02 1.960653967281366164e-02 3.994907344925410948e-03 2.083971248391232930e-03 1.395910601417706814e-02 1.066255723940130610e-03 4.816803560643815804e-03
1.661798361826513008e-04 4.107273184983345309e-04 3.897856671963849471e-03 1.999891368386729710e-03 4.427573467104013857e-04 9.818411144077491236e-04 7.461850993450558486e-04 nan 1.156359889387523210e-02 2.645151332262990766e-04
1.410552572637450118e-02 2.186642993368565716e-03 6.495911258018216214e-03 8.229303117083815178e-03 1.718819609264080062e-02 4.067322043574354146e-03 6.012038466000883645e-03 6.915306462058996503e-03 2.865122827658028812e-03 4.236147440157930939e-03
4.335651009060093920e-05 5.061602428675835260e-05 2.681646502435701320e-04 1.479119020171320762e-04 1.056424927889130719e-04 3.522680835036490188e-04 3.385373789346565764e-04 1.335831572825844427e-04 6.309750203717499775e-05 1.269864057927217653e-04
2.595203449433133424e-04 9.549952925879282104e-04 9.299539241422820866e-04 4.142256599003705120e-04 5.412778288477667352e-04 1.015783884546891383e-03 1.089564142114995016e-03 4.020365972580430824e-04 1.606773144896412936e-03 5.974991916648384393e-04
4.887424783866248191e-04 6.491007473517188160e-04 4.910058008882505539e-04 4.070009175108970918e-04 4.428876663834452679e-04 8.019978221713591369e-04 2.432789151210575833e-04 5.032951612042035894e-04 3.312605748720362552e-04 8.591526323879733300e-04
2.444245567309157388e-04 3.322746694545294878e-04 2.832688440728420428e-04 4.081794228246004696e-04 1.018399722806981713e-03 7.946622022074101201e-04 5.070726631169215209e-04 3.455430814488898638e-04 2.869571005148692251e-04 4.499207576910784195e-04
1.331256814984605255e-04 2.299233054022417318e-04 2.121349415260886462e-04 1.551366779617007223e-04 6.146400759927531706e-04 3.907223539950357896e-04 9.585366563513845507e-04 8.715140070955735771e-04 3.901476798549294907e-04 1.450863057288746707e-04
3.059526962448558913e-04 3.488910831173823793e-04 8.614285935563188073e-04 1.422607903861420979e-04 2.358684475932197567e-04 3.413163268116562246e-04 2.840560345286509132e-04 3.241707257639987391e-04 3.740159108925148477e-04 4.210833611228568174e-04
6.975536292532156222e-05 1.100958142635658437e-04 1.971124962671231184e-04 1.665012555448732638e-04 1.254997129727970112e-04 1.982649752402367363e-04 1.736161107089967111e-04 3.116961063771163496e-04 1.970223628261505379e-04 3.477705717693460206e-04
2.639324978346717409e-04 5.431822732155315971e-04 3.979410069763401501e-04 6.876524134351637849e-04 2.591744769318536927e-04 4.616609879615038068e-04 4.340429455674023069e-04 9.746238930715313145e-04 5.562363221370109599e-04 6.228086281430217320e-04
1.968752731274788989e-02 2.146229391737674349e-03 1.710277794093250162e-02 6.122536130874284103e-03 3.483987290542988995e-03 1.381386293876536719e-02 1.305508851584465807e-02 2.743496684574504851e-02 6.736818914494768426e-03 1.562303692248864263e-03
2.862356770656108648e-02 1.719990347415356266e-02 1.233400494828511013e-03 1.823498738337357358e-02 4.533132253456890505e-03 1.952520915121833817e-02 9.533557967093684443e-03 2.261097760372314178e-02 4.904973018989197339e-03 1.238106192407773150e-02
2.349020893401210924e-02 1.079105298833893563e-02 3.796245728807759456e-02 3.177962168291410816e-02 1.470576451167413499e-02 1.486279061381024467e-02 7.581484705671668115e-03 6.120249360138081685e-02 5.743806313023657947e-03 8.708844674432170141e-03
1.019241663665650631e-02 2.720388920389001791e-03 1.421815118641589493e-02 6.941544411017548134e-03 6.912533234738530916e-03 1.386261787205981220e-02 3.365777562583686586e-03 1.747021701276420605e-02 8.330027108859655929e-03 6.265044035597922174e-03
2.589934637648410101e-03 5.949838041173334535e-03 9.926419272105878322e-03 1.136485472285476625e-02 5.229796169367916490e-03 2.000705508473885064e-02 2.584669557529927116e-03 2.266710841686440936e-02 1.053782152644248439e-02 7.895574040826157380e-03
3.535523643610519098e-03 2.631154822648726615e-03 9.166525500141946975e-03 5.809084676974181523e-03 5.281548701555244946e-03 2.689153916139232735e-03 4.522684568617722257e-03 1.559280680929736422e-02 6.398654751038681046e-03 4.872998413141845300e-03
0.000000000000000000e+00 nan nan nan 2.814957180816116499e-05 nan nan nan nan nan
5.036015931395142892e-03 5.246249940439872382e-03 8.874187474961870575e-03 2.100764900612596842e-03 3.482228820722858137e-03 2.904666723577283352e-03 2.866308854239827449e-03 2.710281699089152601e-03 4.055166565074279708e-03 3.878935523447323702e-03
1.731419826120583066e-02 1.480313603239916814e-03 2.228337579515133129e-02 2.217598368369817080e-02 3.062127060106061179e-03 2.296528267656785041e-02 5.103578280023193976e-03 4.361988977571841508e-02 3.779750889789127485e-03 1.409532422217106389e-02
1.174433116905890424e-02 3.990832547117899309e-03 1.082093588890072067e-02 9.666729598660208853e-03 2.558040797621105242e-02 1.963527252403809292e-02 2.886714685523714911e-03 1.136518549645998757e-02 1.295132814860433523e-02 1.710488606102754036e-02
1.854173973011270793e-02 4.327041350224350609e-03 5.198570353910742653e-02 2.455468782892469837e-02 7.170866771748421811e-03 4.002555484049907103e-02 1.426578839170949704e-03 3.777062624690878667e-02 2.760992750352263703e-03 1.914112220385589050e-02
1.268744046741433762e-02 3.183384043139133798e-03 1.004917298949697772e-02 5.031165123521086358e-03 7.121449754552483177e-03 1.546551854284438678e-02 1.173542301357332176e-03 8.000777556852233310e-03 4.968682643163854946e-03 7.657589582152410715e-03
2.567815202643276493e-03 1.960373339662004749e-03 2.630681297863438767e-02 1.156764958160618265e-02 2.585474500959111452e-02 2.055069132604555801e-02 2.670591534994972739e-03 3.121463519572678993e-02 2.014430874231589938e-02 1.273493895344669086e-02
1.456184942016777208e-02 8.198473317791842713e-03 1.575326533612397481e-02 2.622992191687298618e-03 1.342274180764763993e-02 2.222201566489340890e-02 8.529273386297461443e-03 1.439157421668668842e-02 7.633949008578662203e-03 9.994263232300747840e-03
9.056602262909552387e-05 8.051256473503995903e-05 2.215113248965240188e-04 1.326941826001542765e-04 1.079911437277340092e-04 6.781711431741655393e-05 1.817810765266524736e-04 nan 3.878789838975633866e-05 nan
1.029307701663175270e-02 3.585909920303538643e-03 9.345936370716846978e-03 5.911568713189519451e-03 3.222798535537758045e-03 7.057468122575799238e-03 5.690947261021372071e-03 7.365319353835581007e-03 3.589426370481604758e-03 9.591130318154139980e-03
3.265821424327731287e-02 2.533843416385864883e-02 2.277528745626039228e-03 2.248981713028190901e-02 1.983494353735892890e-02 2.428204732713765829e-02 6.355746938477653540e-02 2.676644475459754105e-02 1.295485486001178924e-02 1.910469330722915429e-02
1.016934456011153384e-02 1.605956954979863814e-03 4.509042689154605342e-03 1.103406470736647237e-02 1.489688765439583368e-02 9.253721760928307685e-03 2.954143248677676761e-02 9.277113839985891633e-03 1.072150346677822400e-02 5.353030551691760792e-03
1.131723706840255701e-02 3.782640073136677144e-03 1.381659784558340702e-02 7.241915489353532333e-03 7.953892400034176524e-03 1.332371319940125337e-03 1.207320968052644564e-03 1.355953490257713785e-02 2.524972793352418463e-02 4.250308459054503996e-03
5.766050489165002770e-03 2.466713550502072898e-03 7.427344939455735214e-03 3.503964680802241875e-03 3.671566237681864447e-03 1.994006972909281774e-03 8.665965376905917367e-03 7.328886948985906952e-03 1.348018156136656168e-02 2.221905754895755862e-03
1.073095456753835920e-02 1.262569539382557907e-02 4.526234836238100800e-02 1.592524160237177369e-02 1.116001744712672751e-03 1.507340362903002162e-02 5.053368369595613585e-03 3.962561568533685269e-03 9.763949748859650571e-03 1.766461516122005623e-02
7.287120864764006292e-03 3.206019276840931312e-03 6.925477030437503408e-03 8.506424874367939440e-03 1.070183134383050245e-02 2.280273543247785060e-03 9.590617131156066108e-03 5.047946521963994800e-03 1.074873144795317724e-02 2.912298735744244839e-03
2.350028897629055766e-05 4.291370613860140236e-05 9.649573976141106741e-05 6.333155842539012442e-05 8.077051092118255971e-05 1.391733776747181906e-04 4.050760426977325387e-05 nan 1.486778439525570901e-04 1.351446737438963047e-04
4.401969643927863655e-03 5.130769030813336559e-03 1.040406385158426997e-02 7.257826041747743491e-03 3.691667010169179773e-03 3.721689921279754988e-03 1.210909614566735293e-02 1.086366534943514379e-02 1.140140432692711078e-02 7.041284916870969857e-03
1.789602328129150793e-02 1.525775102919992672e-03 1.334024926616975701e-03 9.588237328013265309e-03 4.715343759064979587e-03 5.787236618098411502e-04 2.932223066170817904e-02 3.915454415595944447e-03 6.728362139909642783e-03 1.062778641195485235e-02
5.014389497698477222e-03 2.012035405225951010e-03 4.842918198316704947e-03 7.208137551889893906e-03 3.006899741968483124e-03 3.331480044152589949e-03 7.225527227594239280e-03 1.044530543520831535e-03 5.760494295480256266e-03 6.265701607823055165e-03
1.107147680291256306e-02 3.772448918601256120e-03 1.165624867870756164e-02 6.333987525093427197e-03 1.570462076680843215e-03 8.755876683380431347e-03 2.772683930309648073e-03 1.675231733546161256e-02 2.176645187922502875e-02 1.261485277678563513e-02
8.940621265066117651e-03 5.443842699421788667e-03 6.267809070851444557e-03 2.859582142756083700e-03 2.170030879203217050e-03 3.007304023784776806e-03 3.714327914436515998e-03 4.578558982767210427e-03 7.217214013788391877e-03 6.892004377024129984e-03
6.510076633315734981e-03 1.325138916311111199e-02 4.636526867964146058e-03 9.137344475631591773e-03 1.433888604351411800e-02 1.564247184449854642e-03 8.362532612103380780e-03 5.915552279577704006e-03 5.043889435102061336e-02 2.386799614265284683e-03
1.151156497851153759e-02 2.484364687377692716e-03 6.079866783689867951e-03 4.957184278614474270e-03 3.186898699941207933e-03 5.961063278145718215e-03 1.429938430203730017e-03 3.068787137552816263e-03 7.249359290637719111e-03 5.343732570102672878e-03
5.824470263226671384e-05 6.330046323638069882e-05 7.605673853020184243e-05 6.676567791847873355e-05 7.221981037520074868e-05 6.371331286787515328e-05 2.053738454861761477e-04 5.460648230988539081e-04 9.039022745509831512e-05 7.440076601635222981e-05
5.266186601303976186e-03 3.973636734108499692e-03 4.178108521730033997e-03 3.223420158867907389e-03 3.022963026166672167e-03 3.838439977912335658e-03 1.496536977225227088e-03 2.999379467266547004e-03 7.164745049367584814e-03 4.028040911651194732e-03
8.694728932030637222e-03 3.862802646266050299e-02 1.135268583030002963e-02 1.453588471631812352e-02 1.407571009850277534e-02 6.933324649254001514e-03 2.854852786359109509e-03 8.720604416142207355e-03 1.250271784552034471e-02 1.189209339664111346e-02
2.345182732847321191e-02 5.813509868211723559e-03 2.858551475657191126e-03 4.515650527556664545e-03 4.986789305481573349e-03 1.934224674143264011e-03 1.323023201675024851e-02 5.228050030202586670e-03 6.686562180370595257e-03 4.387688922941431445e-03
2.094536698756173723e-02 1.577183692935611031e-02 2.983810216583673847e-02 7.212112009938442987e-03 2.190530219158466282e-02 1.203087059865752886e-02 1.335658481979789614e-03 2.872536107766138561e-02 3.538317388279547948e-02 2.897716788900153804e-03
3.813838407742150324e-03 3.132797158499439800e-03 7.865176507230757161e-03 4.198313358866272160e-03 8.286547321201927913e-03 7.226143617307934780e-03 6.677606358722626249e-03 1.075417405802709704e-02 6.288714806980324513e-03 5.499746262821268022e-03
2.335670785115134991e-03 7.784738734095218021e-03 2.473631768513732260e-02 1.301764071980965332e-02 5.377257867871378799e-03 1.721123038607302175e-02 7.317586379780001773e-03 3.053612942448438380e-02 4.802425078158645277e-02 2.570242806273125014e-03
4.562810339376391182e-03 3.924362540548270023e-03 2.591029261390832925e-03 1.019038909288173464e-02 6.811994462301233788e-03 1.036477038139716703e-03 2.615193532587524461e-03 1.044064614438743738e-02 1.358839606705200195e-02 2.104807358373431397e-03
4.444825800066953998e-05 1.947021200416409819e-04 1.974976204466905353e-04 3.105860945586903701e-04 1.142223116506513764e-04 7.538444575370515548e-05 7.567425541532015430e-05 nan 7.256862805199001867e-04 2.059626858848293376e-04
3.179356584773747590e-03 5.389217593886852856e-03 5.133726244162738553e-03 6.659318492503220506e-03 1.098878292808698259e-03 3.451901160217939451e-03 1.516636763292929973e-03 7.856973145650503546e-03 9.274742633984704027e-03 3.655954058056994430e-03
4.926451371537631023e-05 4.200724261605222754e-05 5.136343131418732397e-05 5.188621718357420265e-05 2.401115115729380220e-05 4.444751486287607770e-05 1.742321026810341413e-05 nan 1.763049846698991232e-05 1.473190983249951492e-04
3.433535278187345701e-03 2.382175888490735242e-03 2.543673812002059543e-03 1.896732539829383384e-03 1.392574135586313166e-03 1.520956414588589762e-03 9.635927026887654507e-04 8.406442783192024119e-04 2.314989888129900721e-03 7.353224348762852150e-03
3.522964635392891036e-02 5.334398125795015294e-02 2.399377889022885971e-03 1.038752319851512021e-02 2.632031055079188386e-02 8.389777013718503068e-03 3.588754011050668269e-02 9.416372380718254775e-02 1.372721121805563389e-02 8.483821175729880371e-02
6.533326316511066378e-03 4.982834472856704534e-03 1.256669710108990244e-03 1.197711062843531508e-02 3.293349013644707862e-03 2.964103098857149513e-03 8.111699468327905962e-03 6.922183606854972679e-03 3.761149506527156246e-03 7.441854971009920390e-03
2.979553532803600607e-02 1.482728763932781961e-02 2.210359038761434448e-03 3.835489749129777394e-03 1.909415053167746318e-02 9.407360272875044636e-04 5.476457388627829249e-03 4.415330065160301409e-02 7.478871806175554915e-03 5.598974701581583419e-02
3.593223388846755566e-03 7.236057729908087262e-04 2.235089562483467572e-04 2.356646894962586842e-04 3.403164185318778741e-03 3.534992525970306518e-04 7.880875582621645016e-04 3.712486059922609494e-03 1.233766854120073569e-03 3.785750811118680087e-03
6.439009910371862463e-05 2.852249722129389169e-05 3.150034558435435957e-05 2.423087356676242833e-05 1.343229329055688280e-05 1.293042279234617008e-05 6.223400569191726167e-05 3.442087321215399147e-05 1.061218280935185166e-04 4.767921449998025276e-05
1.154083559373808533e-03 1.078615410696969271e-03 9.534547763641609570e-04 7.542246490470534692e-04 8.770253534689860953e-04 7.855917657473738018e-04 1.118293474488159505e-03 2.434765827210933625e-03 1.432301890847489934e-03 1.378996359387200075e-03
0.000000000000000000e+00 3.315503366629254245e-05 4.899980465149159222e-05 2.368216690449467172e-05 0.000000000000000000e+00 9.782921068987586617e-05 1.841946314794029872e-05 1.894573352359573806e-05 0.000000000000000000e+00 9.472866761797872417e-06
2.367262196352626618e-03 9.114758462322072700e-04 2.552067330761808445e-03 1.253469211158371498e-03 2.302197846061164997e-04 7.818616851263023851e-04 8.568058399673815452e-04 2.186681540077309261e-04 3.740092559073930796e-03 1.855130720659386523e-03
3.107339454211542704e-03 3.565705111638871067e-03 4.361871705219723568e-03 1.551134927735085172e-03 1.180462839516996680e-03 1.674454658728690435e-03 3.113475684120184210e-03 8.911408483367023277e-04 7.020432172466811727e-03 2.892537614266565710e-03
4.111139828183083683e-02 2.057659042693878518e-02 1.780665355726743573e-02 1.142804715498631999e-03 3.183831977050876477e-02 4.316876527440827865e-03 4.586581433461624918e-02 4.671661871442474301e-02 4.895954401345133794e-02 4.625563673349264437e-03
1.436915308719358868e-03 6.068314556222005086e-04 2.432402490630751913e-03 1.617599052864046420e-03 6.966535371434963344e-04 4.452654833452147367e-04 3.025664578489356635e-03 3.321964987272636315e-04 4.084060299807543842e-03 3.206879879006373918e-03
5.158270324175506924e-04 1.399919608228787334e-04 5.859224778599241620e-04 8.390831163231408062e-04 1.076227112686661645e-04 1.955044127653966953e-04 5.361998647360312689e-04 2.850921178892129593e-04 4.165291859141068728e-04 4.314367218495134253e-04
1.874412133058799069e-05 3.410833865334799878e-05 8.097373735178402634e-05 3.010492099594522735e-05 6.788260126144824791e-05 2.806625112367270420e-05 1.141692856336997411e-04 5.701472704253303641e-05 1.768389200708084578e-04 2.629003105725618021e-05
4.671377369359390398e-04 6.357754147934695276e-04 8.436418647505191390e-04 2.646942518302669231e-04 1.367337512168358550e-04 3.745079918118822404e-04 1.827744537043263283e-04 6.581792473626320609e-04 2.963922031352933398e-04 6.313060283473689296e-04
1.239322505761248370e-04 2.325614878149816038e-04 3.458519592475144751e-04 1.063122919411691857e-03 1.219442497975865565e-04 1.912882597869569904e-03 2.460372061611363422e-04 0.000000000000000000e+00 1.082903998654170992e-04 2.671285634631874527e-04
5.469070155622660079e-04 1.015432810337731518e-03 7.054969308235456600e-03 1.927683071722923738e-03 2.850833258865806278e-04 4.168258372385735084e-04 5.151490027607639587e-04 7.055287079189166005e-04 7.786601704090319667e-04 8.840564293254811251e-04
6.549227912148586350e-02 2.473926299196773856e-02 1.781357243447993441e-02 7.168165144198159269e-03 2.514184801717533890e-02 6.872162520692918705e-03 1.806723001044454810e-02 6.498214557764335139e-03 1.638970206350474912e-02 2.524151706561046649e-02
8.151365738004108172e-03 3.506874942418258118e-03 3.382144840097307814e-03 3.897051480819181245e-03 8.628858646685931902e-03 3.689357942953234472e-03 7.405766248560989758e-03 2.620152141181943031e-03 3.050184980649559008e-03 2.656856384470482769e-03
2.614831066865996173e-02 3.084958531234519106e-03 5.319260836960338842e-03 4.096321149666331402e-03 1.485716500503464835e-02 2.960998693125045482e-03 9.566452605667585124e-03 1.141809913356266193e-03 5.424613308787303023e-03 1.741096886266792210e-02
3.089876647473439528e-03 2.941894344937611046e-04 4.280831254507258174e-04 1.091262362824509981e-03 1.433598161110154418e-03 4.152304624831778873e-04 3.391964748653013739e-04 1.219941163242880579e-03 7.009459010151332901e-04 5.313603667548303169e-04
8.907612272417576426e-05 1.315162417142399110e-04 3.765869199698405846e-04 1.842014032035006917e-04 1.311738692102547429e-04 1.403489894196135600e-04 1.482281716035540166e-05 3.611899729712353461e-05 2.038063879878648788e-03 1.489182035829652640e-04
1.635149391783252562e-03 1.495196531996377358e-03 1.530226522729041024e-03 6.298083404311401309e-04 1.399803408869681846e-03 8.265459915165720073e-04 6.114932726586152579e-04 1.352705729220128779e-03 9.012075695671418292e-04 1.426193786181812872e-03
7.785554985118057526e-03 2.433493363371229921e-04 5.043093413850432451e-03 7.040348563804600321e-03 3.834816650637869542e-03 5.168090829684416840e-03 8.707065519428602504e-03 1.627277238292041371e-03 3.223465371605446946e-03 7.809513454316492978e-03
3.525192895291391279e-03 2.333403580034829148e-03 4.290817595115391583e-03 2.937503434099431477e-03 1.735701046062119047e-03 1.674774755965296623e-03 1.545302416292967679e-03 1.985225788594366207e-03 5.968488791422178752e-03 2.400981943115166207e-03
2.545258773598193733e-02 5.318345377028645647e-03 2.455862888295832699e-02 4.533994280473937002e-03 2.872108736005781621e-02 5.422267212106676552e-03 2.755620920360297987e-02 2.086959910460897336e-02 3.400402143556443407e-02 4.939739326644011601e-03
3.226517544278768249e-03 1.865348225727988998e-03 1.194066482785154093e-02 5.851610808929397570e-03 8.833735684375702488e-03 3.613890727029574375e-03 8.731052630111885843e-03 6.659101098121732697e-03 1.178918607355191120e-02 4.439701538961522004e-03
1.827652119533955052e-02 4.478022027449772395e-03 2.653346699200233999e-02 1.347742099785458406e-02 1.226633445129900885e-02 7.963715248831371857e-03 4.156169128319931426e-03 7.193635979062929127e-03 1.614936715982169882e-02 7.012820278797798554e-03
5.527758485171362091e-03 2.476935578304733081e-03 8.178546524052570516e-03 5.012066375392018602e-03 8.400502212310161435e-03 2.289616577138103761e-03 7.561175479347458268e-03 2.889617777710412703e-03 8.613142901855799088e-03 1.179295985492814650e-03
3.484461901126474577e-05 2.938186560282190848e-05 2.199681990274709282e-05 8.371660352131331099e-05 2.637212463653925960e-05 1.167198825656720797e-05 1.085742784509499003e-04 5.860351198444380800e-05 1.324082122950775915e-05 1.417635120288347956e-04
3.388183450368914378e-03 2.233154216925836450e-03 5.809413753985678830e-03 1.480697203868514521e-03 2.452401106985878810e-03 1.750556247831929358e-03 7.120479500855379611e-04 3.906539852590396392e-03 7.745675116307536127e-03 2.608372834192101541e-03
3.236958265501728660e-05 7.853573000364132313e-05 2.738167686378234288e-05 2.030327854185758025e-05 1.564443387506426575e-04 1.208571131448393755e-04 1.220444726337178065e-04 5.487337115997180403e-05 8.175706402517654168e-05 1.362592879731681363e-04
2.891430885533025335e-03 1.707751103764721182e-03 1.898792217677295734e-03 9.625322395557822132e-04 4.468936373037690757e-03 3.574184081495324593e-03 1.395883915490057914e-02 1.118973861578435652e-03 3.107261232642600981e-03 2.140767873323561749e-02
5.797877616520574762e-02 6.822868149457227138e-03 6.088024852400104533e-03 4.279659828783861746e-03 2.697920698982591778e-03 3.400100719836302195e-03 3.317965348310281809e-02 8.609555923029272445e-03 4.659087293225074033e-02 1.720829577656530704e-02
1.017940611102956944e-02 4.886869852740591096e-03 1.245014523150398018e-03 1.357605615661751190e-03 3.978057530637691026e-03 3.878219685666295900e-03 1.112230078831735920e-02 7.525562825282965627e-03 5.203464409317795462e-03 6.167671144368670234e-03
3.872293696678196645e-02 1.327350534714685781e-02 1.949482466322475637e-03 6.299233081781494556e-04 5.958049458829867313e-03 7.179838238309758230e-03 5.861106990505528247e-02 1.948629526161118480e-03 4.343658409035098394e-02 7.221075075101018870e-02
1.535630215634969367e-03 3.769495094961889574e-04 5.490338068113917707e-04 3.714727624844568906e-04 2.176551938637731436e-03 5.279848974775755519e-04 5.109638658175874593e-03 6.110301730768932403e-04 2.023899092303311706e-03 4.095930000567193224e-03
3.255750665802433251e-05 1.593360336011841660e-05 3.779295095400691883e-05 5.916043543916648409e-05 1.723632705424817783e-05 5.838065196132519760e-05 1.849139941256721867e-05 2.368216690449467172e-05 3.915252508767643120e-05 0.000000000000000000e+00
1.135971464578290711e-03 6.757088969371445814e-04 1.161152639154616750e-03 8.190116260305758174e-04 4.220223625412457442e-03 8.974657595209640940e-04 6.869439294051349646e-04 7.852090394970556199e-04 1.505958256916621824e-03 1.394755861100389904e-03
1.130071283099396036e-02 1.329723523582562912e-02 5.617814483150145033e-02 8.235286912149511820e-03 1.204597946926086113e-02 2.834957721140214659e-02 8.278154790481851225e-03 4.787042502092436064e-02 1.986834226519676797e-02 1.426417636076177976e-02
1.160922854811173230e-02 8.974218834123286886e-03 3.865765832404519792e-02 2.088869767869838689e-02 2.262841007366992244e-02 2.944432259610738761e-02 8.713740184927785959e-03 2.856329682481771604e-02 1.029880599755010791e-02 3.645748328283499214e-03
2.367539808099846863e-02 1.993537665864538594e-02 2.392006792025364384e-02 2.293954047117239756e-02 7.636170637959469390e-03 1.339136754187740704e-02 6.364828713801049843e-03 3.683087861042758093e-02 6.538741387157057106e-02 1.665775235740734467e-02
9.086793962130003399e-03 3.513693215563475948e-03 8.307709141554982940e-03 4.852623267799662139e-03 7.653601582803576560e-03 3.064697352562175542e-03 1.101575177772215475e-02 1.196023511250839805e-02 7.674966754937777302e-03 1.243672546448807044e-02
3.028254362640066602e-02 3.598486709540242579e-02 5.282068197968003975e-02 5.610085132308876427e-03 2.396083609219986504e-02 1.190727953216477904e-02 1.116282954050869768e-02 4.511519473641973504e-02 5.458336913620071701e-02 1.281635236174783962e-02
3.900827307008302835e-03 2.969499077859635849e-03 1.287257722241830736e-02 1.028301877763357786e-03 3.308350993117505599e-03 6.101265141440776439e-03 8.669638924654317000e-03 1.109465609572466392e-02 6.927974200939503689e-03 6.292091246832373641e-03
nan 6.974455610183980393e-05 nan nan 0.000000000000000000e+00 nan nan nan nan nan
2.308350071722323638e-03 2.864673951379866253e-03 1.165116973147987782e-02 2.662372983969453315e-03 1.666217856333426480e-03 4.455039154864674951e-03 4.579091727823141576e-03 1.070062731728418752e-02 1.254694161074949160e-02 2.669485279639957978e-03
1.366851165341178426e-02 1.413731922639489130e-02 2.563590325936162401e-02 2.490150115550820303e-02 1.759560879266246214e-02 3.536511626168983152e-02 8.901083050999038931e-03 3.212082922224227671e-02 1.274105744158604732e-02 1.450631410571544787e-02
3.269836178452464187e-02 1.033620113531642055e-03 7.790511799531177339e-03 3.010008562508907724e-03 1.228241973006147757e-02 1.353558442802166480e-02 2.013831850153514902e-02 1.714727623403737231e-02 9.130094332949395541e-03 1.039539524520857565e-02
5.695102358015683569e-03 2.625663654302027097e-02 1.999041514070431375e-02 1.357991712870562639e-02 1.693342103431870515e-03 3.627136798364005710e-02 8.207693773060102324e-03 3.286190048985793144e-02 2.455062092083431027e-02 1.976934244944033095e-02
3.595098069309982363e-03 2.532915730133250033e-03 9.728005336248235491e-03 1.028892266845982291e-02 1.322089360049196220e-03 1.116361522437601776e-02 3.596602058108587779e-03 5.520198193975704888e-03 2.326227921901775127e-03 1.170231400767154234e-02
7.963915350956089073e-04 2.646564601861259997e-02 5.396669245213164823e-02 2.315369465625175330e-02 8.213048689235503226e-04 4.153281653118066907e-02 1.797544928135321081e-03 1.670645454413247771e-02 2.151138695989241248e-02 4.492894657381385493e-02
7.365788917888275653e-03 9.120660779960820808e-03 6.143956973104314906e-03 1.521655988744156657e-03 1.946666947957175538e-03 4.769036685001965675e-03 5.887097588324215723e-03 5.026353281559054614e-03 7.592646843694310366e-03 7.266950298667080102e-03
nan nan 5.525838944382089956e-05 nan nan nan 2.902011707032059332e-04 nan 1.586762639411442330e-04 nan
6.346909018513783793e-03 2.716797671130441547e-03 8.060864052279868852e-03 6.635836550338910719e-03 7.350622392807273052e-03 9.342793069895704086e-03 1.763950656228520332e-03 3.513420381074419587e-03 6.520199291809826263e-03 3.547049771351252004e-03
1.110940887505421082e-02 8.609920901927730491e-03 4.411492790060578262e-02 1.097047868562515266e-02 3.601855131609368096e-03 4.716103259708444122e-03 1.488420516454048645e-02 1.712239675254068061e-02 3.024916687790170713e-02 6.963583627027493048e-03
1.425042985138294006e-02 1.104245590132546702e-02 2.619003798394992782e-02 4.133989879565813652e-03 1.186935007867177816e-02 2.062745923831400471e-02 1.412470599508397484e-02 2.504164349664826650e-02 1.881865878719431520e-02 8.163759184165579955e-03
2.997407379158182478e-02 8.254176175648457806e-03 7.355864062244613262e-03 1.426479290379136129e-02 1.604214571280429547e-02 2.409819315736556368e-03 2.355453068151174695e-02 4.842630707273065660e-02 1.208633533928285542e-02 2.242095836602324681e-03
4.337748673449381975e-03 4.295060923522949804e-03 5.524487990656309390e-03 7.952744638957421133e-03 9.164797179309815828e-03 4.763440042086935361e-03 6.260548602156756209e-03 3.666246009327561468e-03 1.047690443100207473e-02 6.632644660825414828e-04
1.513677993031013053e-02 1.132172613765845305e-02 2.601587442147292387e-02 5.282558803044589725e-03 4.791121063524753088e-02 2.997789674491362424e-02 1.332432020310024730e-02 4.284931007659354557e-03 2.666376870569334145e-02 1.916855229225039592e-02
5.751673637839144898e-03 8.147700652061797694e-03 1.383219431470278891e-02 1.415724354190631617e-03 1.078812055059286080e-03 2.442857405179909257e-03 3.374048212892728337e-03 1.329697515200388078e-02 7.250747064384618391e-03 5.148384529990126211e-03
nan nan nan nan 4.144379208286567637e-05 nan nan nan nan nan
3.503012143195385029e-03 3.706915501603685100e-03 9.917951972895794679e-03 2.389409455982006818e-03 3.268133287286052475e-03 7.464287750593218661e-03 1.003505619127305652e-03 4.214463550671703439e-03 4.894570102987345211e-03 4.361485244626590700e-03
3.028412230178881628e-02 5.190426313650807477e-02 2.270336208329717248e-02 1.040702684348650438e-02 8.849602993096604767e-03 3.958520150058804019e-03 1.952427276429958202e-03 1.037131373065723443e-02 1.308517726470864208e-02 2.715661639700634768e-03
2.196631904446846861e-02 8.271595347004062279e-03 6.453022843683963068e-03 1.697017766838286937e-02 6.031499838790951688e-03 1.276817722165309293e-03 4.828682160630259033e-03 1.224295772649474593e-03 4.270104322138760372e-03 8.934288387396363551e-03
1.482341283535164311e-02 6.592655733002207759e-03 7.676642028583909559e-03 1.304818425843720002e-03 2.324036666145083349e-03 7.461280816115546492e-03 4.443656863231791425e-03 3.357522193197203398e-03 1.603559613466696426e-02 3.680926808941318174e-03
3.315181374721580965e-03 1.086942147602870321e-02 4.590718950728495812e-02 2.184778141952074468e-02 2.501173194633024739e-03 3.978157848447816738e-03 1.346275425711920305e-02 1.938005382133471330e-02 3.529626359057401463e-02 2.292478162284218753e-03
2.818851569071836871e-02 2.995449731369344976e-02 2.605290970635452605e-02 1.376526973699888912e-02 2.026349884960457204e-02 7.868006465232729382e-03 4.344412402322494517e-03 2.559071427342174670e-03 3.801666286426075986e-02 4.494637665843493300e-03
6.954364544183808464e-03 4.471777540584493532e-03 5.394503148005580159e-03 3.891541709428300924e-03 4.583783919776657743e-03 2.594883038042094733e-03 7.281383789427505783e-04 1.479737589868725762e-03 7.560450222236594388e-03 1.842061473350535506e-03
nan 6.781711431741655393e-05 2.161907461411008110e-05 1.041338070175820745e-04 2.486627524971940514e-05 1.657751683314627122e-05 5.865161537457591997e-05 nan 4.281218712108734520e-05 1.237210562953880866e-04
6.446575949813673420e-03 3.681957442909299539e-03 5.332689887082370933e-03 1.483316742031991122e-03 1.729745822578102402e-03 5.545168203697880670e-04 7.475078211695727805e-04 3.152862694663894315e-03 6.250401287868379355e-03 7.996217215810806200e-04
3.727636296500894120e-02 3.921511000570499297e-03 4.083116075881587821e-03 3.592014273569175270e-03 2.040479868422042514e-02 2.875659677253668972e-03 1.469351522204809246e-02 5.539436134204486512e-04 1.930254025341103519e-03 1.072088532522587345e-02
1.962257731477843117e-02 6.958130808925180183e-03 2.807220087231717537e-03 5.292627603408330082e-04 1.155230465743126156e-02 2.852104685123358924e-03 1.325121220774876443e-02 9.550018735913487012e-04 1.922760582284925059e-03 7.829451776600708512e-03
5.106827544148982365e-03 4.617484551573068294e-03 1.876672720619605716e-02 1.791650254296891023e-02 6.689989862854161737e-03 1.742968830203695668e-02 2.101166376751993983e-03 6.243399958848049741e-03 2.062347646125835959e-02 1.450460663617123697e-02
1.327155628709544713e-03 2.506650701023075117e-03 2.180632262282953659e-03 3.898454512727460297e-03 1.741670563559573424e-03 4.497607737606541638e-03 6.928506366344118093e-04 2.254817406890261607e-03 2.454811938548215160e-03 5.405161065025037778e-03
2.545913662844956696e-02 4.579402395858865431e-03 2.837131168638858635e-03 2.171603518758201141e-03 3.397730279417505994e-02 1.282377914288999887e-03 1.220788212871357255e-03 1.925207814445362457e-03 2.690013694678436949e-03 9.622507874112389004e-03
2.702043907318702268e-03 2.150300577312366540e-04 5.018025991035989560e-04 1.685527158927992760e-03 2.449275012143647956e-03 1.447442649253139271e-03 4.695772225507005180e-04 1.122450376893475510e-03 5.562825078920749251e-04 1.541361451948948524e-03
1.219650747851575338e-04 0.000000000000000000e+00 8.309040688039591785e-05 3.072513036359065820e-05 5.545669844819667760e-05 nan nan nan nan 0.000000000000000000e+00
1.728833781404952395e-03 5.865716822949048519e-04 2.353734556898723872e-03 3.830270644582052433e-04 1.306507345250596062e-03 1.308485267573437222e-03 7.004684803062349863e-04 1.724235154524383267e-03 7.899415932463811152e-04 1.008996110615072508e-03
8.315705748409150250e-03 5.082715971385333084e-04 2.889959010943695110e-05 3.869626387810645284e-04 1.115230771642973517e-03 7.318438085872821792e-05 1.657065905617654319e-03 6.575768329252102426e-04 2.377887477333154309e-03 1.943898457714456724e-03
6.690594880553697027e-03 2.192763561446623571e-02 2.233319620000931340e-03 1.964875237271589484e-02 3.518663421086676985e-02 9.940195058867049016e-03 6.820933961900635389e-02 5.325568275219622061e-02 4.908015127383190401e-02 1.789965213573770433e-02
2.919067954966413428e-02 5.270284390911448430e-02 6.574945581369187608e-02 4.281696218518749736e-02 3.841973016703643939e-03 1.429350324440613849e-02 1.896585408802630920e-02 5.772177353539372641e-02 2.732622009566404182e-03 1.669994383168658947e-02
7.591994566179087467e-03 9.303666356809049687e-03 3.884473645581814402e-03 6.236197058485040343e-03 1.073973829340547220e-02 3.772124339378410320e-03 2.713345271741308528e-03 8.709191651498684669e-03 4.353391123964057627e-03 9.324766911822499407e-03
1.201232961226368981e-02 6.564864365349207254e-02 1.868940044902305669e-02 1.103464653448971329e-02 2.698723454763162985e-02 3.969080849022727821e-03 2.351124188612504010e-02 8.495326350300820561e-02 3.191282228276091232e-02 1.923566288145762276e-03
9.452714886892546464e-03 1.776003985094407045e-02 1.194133613146936435e-03 1.618875343087886748e-03 5.489366955338341285e-03 7.991879821091787354e-04 5.069860366512933536e-03 1.349216352840844693e-02 8.037961271698099500e-03 5.182218937281196387e-04
3.425616340845280365e-05 1.109914999705374864e-05 1.644477047191384925e-05 4.494911148255767506e-05 4.443439547427381403e-05 2.078208744513512603e-05 5.841748491353377217e-05 1.684671942192507267e-05 0.000000000000000000e+00 3.631291328306924756e-05
1.261499620207502670e-02 6.093150240147634719e-03 2.013051006282266884e-03 2.296092750159484455e-03 2.776876420722510820e-03 6.880184226978443762e-04 9.950236394203478777e-04 1.335145276947606423e-02 1.263747258879711248e-03 1.729819643416210780e-03
4.407096418074067656e-04 1.062022942747686805e-04 1.914155511633742546e-04 9.069673131912290871e-05 5.349344362830859911e-05 1.114920970177906204e-04 8.040716794628343105e-05 1.193730252566886239e-04 1.701162626372054634e-04 7.591006553473724720e-04
2.347815860741413532e-03 2.991397839493287625e-03 6.233711374939888451e-03 2.573267122034109122e-03 8.725325951541526050e-04 2.626343968366390714e-03 8.564218751491639711e-04 1.554578037056040347e-03 3.607120897719255388e-03 3.704964405286801342e-03
1.208159624743555328e-04 1.309211821209473915e-03 4.577242362756167582e-04 2.029264532320437103e-03 5.667141449624884739e-04 9.510237525750472615e-04 5.450398418578499080e-04 1.539555391993693704e-04 6.992353039146574200e-04 1.330891305787438401e-03
2.409676281192994589e-03 3.652719648843848026e-03 2.539206287666224623e-03 3.101472660073498547e-03 1.516327279555757922e-03 2.449866489035779950e-03 1.636300340117179900e-03 4.266776959989324915e-03 3.296500385420034814e-03 3.946916178453525360e-03
1.371253136180711142e-04 1.831892121826754255e-04 2.020374445096666954e-04 7.976836526614739236e-05 5.427387343689119335e-05 nan 1.879409170841288995e-04 nan 2.863558777129679715e-04 nan
1.821654933085538547e-03 2.763876685328806038e-03 6.063403508410134500e-03 2.358774762919535386e-03 3.068079205790340529e-03 2.992745767282453933e-03 2.550380727970002950e-03 3.181140789864608017e-03 3.223147669005258734e-03 5.319960488664974251e-03
