4.847450851622275847e-02 3.044706602490449346e-02 9.710295128471677084e-02 1.406776753625865219e-02 3.262121943962395521e-02 4.015599482172908796e-02 2.980413545795431926e-02 1.687825671325122318e-02 1.130379238322761076e-01 6.239189693386754110e-02
2.205787414077006042e-02 5.096321328885388552e-02 1.189661709756517777e-01 3.963276680862239110e-02 3.085230251590441453e-02 1.863327948679053409e-02 2.628543636182469057e-02 2.951100910227867288e-02 1.696905893388749864e-01 2.002060379276408147e-02
1.216830639503973382e-02 6.430808887116766515e-02 1.577671721139831673e-01 4.390902586457814949e-02 3.930473551383533576e-02 2.491740295785272938e-02 4.303070222478905249e-02 6.226649660530391567e-02 2.174113595400231913e-01 9.091492945132322034e-02
7.561593007365377539e-03 3.311447648011297401e-02 5.951374570006895404e-02 1.970517218570041681e-02 1.403486599860992445e-02 9.787161829688745610e-03 1.584716850662799131e-02 2.014372026452798670e-02 8.908170215748208165e-02 9.396107528089371608e-03
1.929760510993756145e-02 5.274160573497130994e-02 1.413090236075036088e-01 1.307953257429149141e-01 3.051496894014347344e-02 4.392679673024802584e-02 3.982087292835789771e-02 1.192199726646357427e-01 1.831775749520250240e-01 5.680338583747177733e-02
3.569203068952479796e-02 5.202466770210381619e-02 1.456481909159550447e-01 4.066791413746537187e-02 3.616780964478509552e-02 1.427782648521058219e-02 3.017978614314686947e-02 2.699021162612869063e-02 1.973712494105767656e-01 1.685264151185961179e-02
6.938364251277921724e-02 6.854187687880272661e-02 1.056793386542856650e-01 2.146724199733394678e-01 2.472788724531338814e-02 4.768662741210689254e-02 2.524220938741110823e-02 1.580629676907475967e-02 1.349990885604090696e-01 8.829816510536622753e-02
4.528432404105192655e-02 9.502274603446489443e-02 1.952424107181574275e-01 5.677871982191275146e-02 4.242241452718226169e-02 4.651852274132258630e-02 5.024455176412692681e-02 4.494604599713848680e-02 2.819575848787990169e-01 3.759709882906291795e-02
7.059912217947265922e-02 3.299965684250233400e-02 7.380686723557959572e-02 1.209085497662307739e-02 2.872555016515206464e-02 3.110282312786122674e-02 3.750762789693928845e-02 2.109702453107905468e-02 1.166516004139671048e-01 7.677639706242934958e-02
2.873417772259390449e-02 1.666664202205118961e-02 5.528443907193646839e-02 6.686516322695892911e-02 1.360914366383665468e-02 1.332241711337468944e-02 2.066028780853630675e-02 4.575059411772776710e-03 7.874059019209463106e-02 1.855679273885402908e-02
1.616222779855620156e-02 7.317178388714061510e-03 7.655121766248215720e-02 9.207866863051439310e-02 6.583872381140207231e-03 1.314934607845680975e-02 1.034668306498245406e-02 1.758371068379669874e-02 7.138794391734161471e-02 2.047171503810350096e-02
1.856034347441599605e-02 1.281324353414866474e-02 4.132990244529016755e-02 2.465945961407135442e-02 9.584395921789598538e-03 8.357957568392616887e-03 1.344742184803973326e-02 3.862094253124961039e-03 4.374166968829135138e-02 9.351425249490716296e-03
4.354203284745011143e-02 1.272191593773404003e-02 8.390471928663612022e-02 1.373318817802052227e-01 2.819191253617301177e-02 2.623433693913108933e-02 3.160880202204953415e-02 4.182170456439381068e-02 1.233986102880969549e-01 7.455606792031239938e-02
3.407989790147308851e-02 1.762494154931782547e-02 7.714962863717025887e-02 7.764832846530338173e-02 2.739347159423911535e-02 1.418240481132710534e-02 2.092271278193353831e-02 5.799978002253892290e-03 9.365000622737106040e-02 2.410404107346514682e-02
6.848989429690623132e-02 6.497338554348984496e-02 5.107713023545260717e-02 1.778983880187021693e-01 1.404957080814661814e-02 5.315755828644339043e-02 1.468379138166700515e-02 8.527939480283438026e-03 1.098081401958993925e-01 9.891925660014458388e-02
4.713336048154122965e-02 2.060816667558195911e-02 1.092774306540420237e-01 9.228288575150610240e-02 3.648041552790428493e-02 2.043334723983494805e-02 5.192906091899614218e-02 1.275941202930983009e-02 1.423248749414171566e-01 4.239732169242939330e-02
3.961159737523321789e-02 7.902415981242426335e-02 2.856815450719430438e-01 5.069507083828794780e-01 6.940664370501038738e-02 1.267754007196802146e-01 9.356495647535678986e-03 1.316644453191299739e-02 2.228825872749273240e-01 1.641555008844712560e-01
1.951652546459530790e-01 1.705595512019713322e-01 4.216509183593469268e-01 2.251595673409563791e-01 1.064132035496130058e-01 1.195455593203631622e-01 5.722219640302243088e-02 6.732574223226883703e-02 5.337966019284062780e-01 1.928922279972454246e-01
6.865658818145834244e-03 1.093841645817485338e-02 2.576470051672575257e-01 2.956603443905247430e-01 6.004947719007206614e-02 8.399329340752716144e-02 1.490949054379036090e-02 3.553849722998415894e-02 2.388826809840689791e-01 5.034976716253716095e-02
1.026937385516118739e-01 1.173062350258778225e-01 2.607827724641221256e-01 8.922357759138825617e-02 6.350993094775041203e-02 8.000376639634063092e-02 3.630519134989239338e-02 6.269752610759879441e-02 3.891121418408227672e-01 1.228311325670673193e-01
6.222827846790126433e-02 1.728475295882733048e-02 5.078868397151513614e-01 9.648624598218358273e-01 1.057546630159592327e-01 7.592864813577643313e-02 4.495149758609044699e-02 3.271912528077743076e-02 4.766347315638370663e-01 9.546799662846451595e-02
1.070853342420639565e-01 1.071401403441242517e-01 3.622387210554881554e-01 2.277911017374697200e-01 6.582124661546828737e-02 7.094420032584222713e-02 5.245296103104263308e-02 8.967414337167817218e-02 5.295817838498180219e-01 9.089190187432408252e-02
1.205922924258200496e-01 1.035612999872667084e-01 6.279577604588916506e-02 3.288109551354833071e-01 4.622614236107757540e-02 1.421953076725426812e-01 2.551152991231754250e-02 7.328706926768931151e-02 1.052385858900988236e-01 2.079075473683366093e-01
2.719375321804672896e-01 3.535410674169812140e-01 1.045164758554384177e+00 1.477579772953084292e-01 1.634265412613102875e-01 1.924637545126184346e-01 1.597894122737438805e-01 4.068253882699057744e-01 1.622010927721184270e+00 3.004318476239207225e-01
1.948725381710349897e-02 4.004350388115091725e-02 4.613872708506697728e-01 6.140478086571173055e-02 1.621706295803849174e-01 1.257558817937433904e-01 7.685595558152169549e-02 1.652829257159482979e-01 3.848694378181289344e-01 1.280092085544234648e-01
1.267167052946892580e-01 1.647270197442944895e-01 4.661752806823201145e-01 1.900806675749733832e-01 1.098210442496487110e-01 1.968712855490405977e-01 8.140768374452672651e-02 1.349840733986289454e-01 2.514841941809862758e-01 2.238751605332243155e-01
8.740902913736367519e-02 4.021373662401902527e-01 5.463434251251765295e-01 5.265314820097438675e-01 5.897105201100558136e-02 1.290761576897984375e-01 1.086956709475550287e-01 2.211034476110141922e-01 1.731002678118035432e-01 3.748041334391637863e-02
4.087287304598090365e-02 7.465724353414933401e-02 1.704932488793451939e-01 5.291975327903913201e-02 4.781447194120214128e-02 7.176628764493142576e-02 3.303228989450704423e-02 6.690422276681710217e-03 5.850669388444050545e-02 6.404708254853655469e-02
7.758551442837499645e-02 1.468417298506515811e-01 3.366640402799916942e-01 2.801750422785829336e-02 7.880049056964666399e-02 9.553196874360311841e-02 1.028361427033978315e-01 6.147154235991083432e-02 1.563929024776582744e-01 1.063393477669873632e-01
3.872179815313984280e-02 8.573320647736251687e-02 2.236709579225074906e-01 9.500515297714443030e-02 5.013447654736001569e-02 9.595851707928310104e-02 3.875527133282870990e-02 6.183857775103814014e-02 1.211693284635041168e-01 9.527374180813442950e-02
1.543605510236416012e-01 1.642560544839633263e-01 1.475065676706516782e-01 4.075222949647004933e-01 1.458256568794169539e-01 2.828123275210745469e-01 3.330648065491546850e-02 nan 6.359803263941854468e-02 1.410170186462146869e-01
1.701491738158889336e-02 1.079942248542365979e-01 3.432219940432426064e-01 1.160750854767690632e-01 5.533992779546964558e-02 2.423406090932265222e-01 9.551621807274851550e-02 1.545900380481291525e-01 2.577193775817926968e-01 1.448817130093798533e-01
1.506522082426955400e-01 3.051280023827620536e-01 7.487767002423406648e-01 3.326911124162910682e-01 1.303207984723846191e-01 3.125675284207865001e-01 2.054322021809215915e-01 7.422373352792102086e-01 8.293336520712614179e-01 4.351340675978445649e-01
4.596126861778097872e-02 3.366891856851167986e-01 6.331774578746074411e-01 4.258888804373330284e-01 7.058467536360746308e-02 4.821733879808931533e-01 1.705607783649870646e-01 6.434792836021436813e-01 8.145438339065607103e-01 5.546923235461832524e-01
1.567670849254554077e-01 2.717121188487302552e-01 1.597383792483500375e+00 6.526833404694214469e-01 3.908879314519083520e-02 5.932020425213875292e-01 1.828842849002123572e-01 1.281606606170006213e+00 8.579751489059866953e-01 6.484984660251222888e-01
1.724817910151515143e-01 7.446133157187163620e-01 1.515718051951227441e+00 7.535923767754737490e-01 1.777657655854038010e-01 9.440199404972799968e-01 3.754290581047999842e-01 1.186662456511752062e+00 1.399519656799418588e+00 1.227120149312589170e+00
1.222619343772577138e-01 4.956114687652897755e-01 5.926738068072603394e-01 3.819006973781911563e-01 1.167699466188794749e-01 7.444547838832502595e-01 2.278865337356696941e-01 6.033588315643270139e-01 9.559766917703028666e-01 5.156206367304864147e-01
1.101177417269839087e-01 5.393668685173380606e-01 1.289965354567335076e+00 7.074019920084031465e-01 8.505664087771072635e-02 8.718332699818388543e-01 2.495624073420968370e-01 1.199925457156860054e+00 1.305783313693060110e+00 9.566542116604981327e-01
8.076159444018128630e-02 1.059436064487345869e-01 nan nan 9.284135667350086607e-02 1.223009551795343208e-01 1.426426426426451177e-02 nan 0.000000000000000000e+00 nan
3.787671991406638128e-02 1.009771132910969538e+00 1.287293846203531267e+00 7.399919354812083405e-01 6.140362297309395062e-02 1.443406107248901060e+00 3.167970598949093608e-01 1.953912327842464158e+00 1.857741774169531901e+00 1.659136315909585102e+00
3.464465816444488033e-01 4.455789465074266875e-01 1.128895706983470637e+00 3.563934040257504265e-01 3.601416858194959603e-01 nan 3.099752526803475350e-01 8.179271976495955387e-01 1.594280415087874436e+00 8.735399843230102768e-01
4.533762024063666130e-01 4.423345871196857626e-01 9.844184263996365036e-01 2.359553912904400197e-01 2.791858777290385230e-01 4.883226766475859404e-01 2.628682347186229729e-01 5.195515792221909734e-01 1.656509451180723458e+00 8.433008269486303998e-01
3.932313110784241283e-01 4.224122828308337629e-01 1.526459299467950892e+00 1.496336801725312027e-01 2.606009016535611456e-01 2.469222627133715875e-01 2.329701935154142867e-01 1.213993968984193872e+00 2.709934198897455904e+00 6.379833143864802603e-01
6.672039753513132609e-01 8.880897814999477724e-01 1.917700287537431825e+00 2.276396001235901634e-01 4.239648574289989202e-01 7.641396896963070784e-01 3.569622562305655444e-01 1.228587874501970489e+00 2.775410840448281569e+00 1.307901394755031976e+00
3.352376525672727814e-01 3.071929330023029925e-01 1.253142081604895264e+00 1.737258953884266988e-01 5.019162275650647098e-01 1.161052953439696001e-01 1.632032516858618054e-01 6.777581231152193242e-01 1.950858082544226990e+00 4.745206309252034682e-01
3.832335788363808726e-01 5.342849266708158407e-01 1.102425677422169681e+00 1.483736015200919356e-01 2.514421448087141853e-01 2.588651627036060443e-01 1.695133383697760288e-01 6.417575478166236413e-01 2.075020752159525195e+00 6.406648968427350876e-01
1.127786095080312995e-01 1.613913719803470592e-01 1.651518163697674457e-01 2.482215780678343198e-01 1.056010136261423260e-01 1.495033821336078095e-01 5.872567789166043689e-02 nan 8.310876377515449831e-02 nan
6.065497135317683419e-01 1.203899510312359755e+00 1.848130086748507539e+00 3.728794844093550331e-01 3.474256403083554878e-01 1.074806317272935630e+00 4.479615088960361979e-01 1.607070959146001288e+00 2.514221153243461515e+00 1.913689730505237607e+00
6.696707971099937762e-01 7.449248712254585847e-01 6.303694947724147735e-01 3.850068740501049747e-01 4.297551379937060156e-01 3.688375672841668895e-01 1.817574954490922823e-01 2.451963017410741519e-01 8.932210624693400769e-01 8.038142007230234531e-01
6.941575345345387671e-01 7.432456827404734234e-01 1.139973349024888005e+00 2.392834260203507146e-01 4.079911221454042280e-01 6.498628925181908489e-01 3.179400558685613887e-01 2.532140833222862875e-01 1.404754699174289190e+00 1.041161468448740912e+00
9.481364061477912664e-01 1.058678507457553541e+00 2.270501947227468342e+00 4.788623476662098311e-01 6.101546944433683395e-01 6.537520021776045409e-01 4.081632366506653398e-01 1.116142681522165558e+00 2.447348398801231895e+00 1.329309815705267850e+00
1.208977340580886572e+00 1.593782368533939175e+00 2.351846026722127281e+00 2.106275624603385355e-01 7.758425686883992922e-01 1.237231151785309402e+00 6.644260601321612114e-01 8.317518454163289610e-01 2.219240176770895800e+00 2.331848521289356935e+00
1.169220216574367033e+00 1.226717856646848848e+00 2.338862878884535590e+00 4.239690041542442112e-01 9.320299600922872241e-01 1.190418536115676273e+00 6.591744547958771072e-01 6.932212455688798736e-01 2.908936305709016956e+00 1.419875547561594953e+00
9.034106259238449121e-01 1.052987843653282241e+00 1.888994033507939374e+00 3.270735425160691268e-01 5.591285782366153256e-01 8.493308694839637463e-01 5.052554616718848424e-01 5.100424422834277660e-01 2.556511208540775293e+00 1.303648926388115914e+00
8.351311532844915564e-02 3.326320480117805900e-01 1.756451606362597895e-01 3.829718314236589261e-01 8.221041215292751447e-02 2.092118362660223274e-01 2.722173756995469596e-01 nan 9.785651450821605812e-02 1.493795931165760038e-01
9.826891979655715259e-01 1.258543513851159812e+00 2.170602287127053387e+00 3.354740593503175439e-01 5.471998648834772716e-01 9.639697377482470131e-01 4.129884268353377630e-01 1.219499732986546237e+00 2.743061912514665135e+00 1.845281124464237532e+00
2.690731005344409454e-01 4.175478898095377200e-01 6.604698708702310128e-01 2.718405494350751295e-01 6.212117136682668295e-02 2.686236610105224853e-01 2.238252222828406857e-01 2.440085581873923104e-01 1.036993333960290808e+00 4.594014559814991738e-01
3.100613702487090562e-01 4.218838941751900662e-01 6.557734839158088080e-01 2.312730525425258921e-01 1.689774497091671990e-01 2.027411688756253216e-01 1.548723257189632552e-01 1.198892202753255865e-01 1.070939058227919682e+00 3.090916552786781568e-01
3.557767886799806378e-01 5.390015585002819742e-01 1.050361987093015204e+00 2.053140145364025504e-01 1.905037363117133564e-01 2.537291846631082870e-01 1.599160432169549062e-01 2.874326742365210241e-01 1.693052613564377307e+00 3.187180217531199733e-01
4.937603765165562431e-01 6.831447164598910549e-01 1.311373937679497059e+00 2.588347518944938419e-01 2.306204907111953917e-01 3.601197647138087987e-01 2.189758656829824957e-01 2.495129497896387272e-01 2.059056042590315272e+00 5.403346867481788607e-01
3.100449889582831409e-01 6.040187083170076576e-01 1.054309666934283962e+00 2.343780161380011606e-01 2.135562624024447131e-01 1.564435872157840246e-01 2.387508506837590638e-01 2.215426045874918648e-01 1.664094872730615737e+00 1.024364705311708174e-01
3.193700327229382907e-01 3.372673595952963010e-01 8.440669393818548416e-01 1.596145706509575768e-01 1.965257868747402048e-01 1.620952976071522444e-01 1.478103546453711781e-01 6.660739797203242551e-02 1.230310670962006192e+00 3.204020601403686497e-01
2.533740739413455345e-01 3.312991898462703810e-01 9.631677673544360163e-02 3.264885733687732383e-01 2.172914037121852215e-02 3.151320181470416149e-01 1.676831515283530305e-01 1.832118014372761672e-01 4.067734064369723512e-01 5.528853931027397639e-01
6.162742457551764197e-01 6.798805858142296099e-01 1.480702181518050775e+00 3.086709696143113968e-01 2.950570143940416945e-01 2.614522612726523088e-01 2.742760738968575973e-01 2.358600468041734399e-01 1.943401084824523561e+00 6.304193092503393991e-01
nan nan nan nan nan nan nan nan nan nan
1.852767887197390717e-01 9.783821880342372102e-02 9.228788900320367139e-02 4.217312353291888805e-01 1.872295746867595409e-02 1.114123424208264129e-01 3.695925238381746192e-02 1.326932164401635195e-01 2.423294786242750631e-01 2.322488707348452364e-01
2.046715836966987445e-01 1.029558377919877477e-01 8.836004240176938140e-02 4.538716478951638766e-01 3.702486033349405153e-02 2.013626910883155319e-01 3.400135282562255501e-02 7.820413520648626660e-02 1.720170020381365239e-01 1.706456158981532745e-01
5.906120051962183287e-02 2.782450841336801539e-01 6.471388359520197087e-01 3.986534299139493642e-01 1.936373059298170385e-01 2.727343452781077482e-01 2.192888560471479842e-01 2.910415074366907162e-01 9.567143194454572619e-01 3.287699450445398242e-01
2.476155893563946123e-02 3.839297865442132390e-02 2.756365585462617895e-01 3.404494617709558080e-01 3.943840640257299801e-02 1.147857946826589259e-01 3.651391066934783075e-02 1.812462940781545129e-02 2.668303702963160107e-01 1.128643228932916798e-01
1.441124559779283047e-02 2.700800221483381017e-02 1.260407841663031547e-01 2.335779005068558400e-01 1.126056926564521395e-02 2.647532295652194750e-02 1.781339028287897905e-02 1.906128084751911034e-02 1.746372452681846932e-01 2.553818338922414152e-02
4.787277125059676008e-02 4.290079845979995893e-02 2.533152288086156778e-01 2.453308639499760524e-01 8.642409462660399777e-02 1.232242397840156017e-01 5.391058632449292898e-02 7.893459273336934923e-02 2.920125452866877969e-01 9.793290927891940001e-02
9.234505251895213512e-03 2.731914159505994047e-02 8.814783941128613576e-02 1.459112213602957731e-01 9.525096627272473804e-03 2.877033928906578414e-02 1.203705859280679649e-02 1.141694672772889177e-02 1.081152416777770436e-01 2.101386808497084091e-02
4.438960642424160663e-01 2.923642573347284834e-01 8.712616476630993256e-01 5.669759364826280068e-01 1.674412859995586533e-01 5.439873870357259111e-01 3.440030579597843086e-01 1.814068600506839046e-01 1.437369611954083304e+00 1.052289228062667892e+00
1.045273447250450571e+00 9.214711797930633663e-01 1.405668254505017867e+00 5.325988580413197893e-01 4.867102637859927472e-01 6.452729015071918539e-01 4.255311169551073691e-01 1.141738150950014907e-01 2.030980651177577201e+00 1.209558342464382097e+00
1.092339667476554199e+00 1.124373761136462146e+00 2.364054232941119604e+00 5.918322946526274331e-01 5.580051511684107624e-01 6.508138092433987110e-01 4.213581745392114830e-01 5.177695218196295412e-01 3.059646440932314526e+00 9.696917707870866820e-01
1.580739311425238824e+00 1.465251943597591922e+00 2.578440892401209439e+00 3.462267673938997370e-01 7.338136175680931572e-01 7.546730697016093004e-01 6.232456820488606608e-01 2.169114170883063852e-01 2.785769507402685363e+00 1.681668352684747347e+00
4.397676733992604836e-01 2.681902271613650357e-01 5.793802269825087947e-01 5.340010448710219571e-01 3.910898836877056972e-01 2.561100344715297461e-02 2.166931972965630560e-01 1.794038346652746252e-01 8.123022740511290918e-01 2.233199779893694226e-01
1.077899203342164824e+00 7.139038498985988968e-01 1.342902713477749810e+00 7.665223983431531662e-01 5.735443837117127908e-01 3.001216956133685998e-01 3.771590173312572292e-01 1.195376918214026141e-01 1.936525560873235241e+00 6.886432033033081934e-01
3.917530090615223837e-01 1.269724234612499836e-01 1.493286742770617292e-01 1.872381742957500705e-01 3.324066590523688247e-01 3.077338863151303228e-01 1.966339452354180228e-01 4.652967795814221819e-01 4.222178959391768016e-01 4.140006400115948115e-01
1.036276078503200360e+00 9.106733716970160097e-01 1.752535816901887422e+00 4.288893418374457589e-01 5.252025567488907143e-01 4.179619124202055280e-01 4.297010977496085737e-01 1.228125921967005152e-01 2.334724319535272041e+00 1.004530090839415024e+00
7.367179775208887449e-02 3.932100124643949646e-01 3.481075271966570517e-01 9.278142546064455098e-02 7.646544137621495707e-02 7.885362824380217628e-01 2.651735511670254009e-01 7.729776012450213507e-01 3.707464329083674515e-01 4.953234538225432249e-01
4.846215978613898495e-02 3.156060688271909442e-01 6.605810775337485063e-01 2.029155697397095892e-01 2.112971290997625248e-02 7.658661797050383413e-01 1.982791587299450597e-01 9.169462559886333297e-01 7.686711031480509826e-01 5.954063674532038553e-01
6.603852646525596448e-01 7.034805913099605457e-01 2.682716055652285991e+00 6.044625479792056222e-01 3.903909630808959086e-02 1.430831680395503902e+00 2.393013362952331469e-01 3.087276667548726650e+00 2.259043340106947184e+00 8.174281531476287332e-01
1.692300561716773566e-01 9.159154779795102286e-01 1.718787697611795506e+00 4.611789430613070784e-01 7.817509683701798218e-02 1.590784980588947795e+00 5.268692541612076674e-01 2.381037621636177715e+00 2.149252193743965478e+00 1.339291185980957088e+00
6.317036783063931238e-02 2.682495398750157634e-01 2.437882842442279152e+00 1.796396497872636278e-01 2.214846846462269481e-01 5.728998655310428845e-01 3.707050168443052907e-01 1.067006887434206686e+00 2.323896362312828590e+00 6.376235304970075957e-01
2.598701618025440752e-01 4.284384739957372568e-01 1.618134974268111925e+00 3.436234748832939778e-01 1.907349836220674777e-01 6.993147100317318454e-01 3.489071795604404835e-01 5.872688530460584699e-01 1.770410793352422463e+00 7.716923918966750451e-01
1.875462710227584207e-01 7.725695427133293103e-02 1.630142056431747588e-01 2.190885151512660667e-01 6.847902651899454018e-02 1.401110669341829873e-01 5.595114924765711567e-02 5.634492971487359975e-02 6.573134921416284859e-02 2.380400717894369245e-01
1.231132044345953774e-01 9.340312525482394879e-01 1.775872250496279614e+00 5.716639003891410553e-01 1.726192615897320648e-01 1.246943619263525704e+00 3.748022213534470959e-01 1.740317595187699684e+00 1.862846876572166188e+00 1.570368966822422774e+00
2.190184692249118825e+00 7.769109254322666969e-01 1.014100807054957754e+00 6.793070395528190142e-01 9.491896884567189163e-01 2.674313295183807337e+00 3.566604667646860460e-01 3.710423247474620823e+00 3.398938065368293238e-01 2.089814229171942372e+00
1.872363747173112491e+00 9.768471757787023924e-01 8.001835173159133063e-01 4.932221719995045217e-01 8.754502484677688656e-01 2.028860138404624536e+00 3.112707441593164925e-01 3.328637463729771540e+00 3.735579477094279621e-01 1.823233521112591626e+00
2.235429615001536252e+00 1.770315815725473696e+00 9.330757501144533173e-01 2.975818112260120718e-01 9.280028451658788313e-01 2.207979161427928272e+00 3.834856598734944222e-01 5.399689819799597501e+00 3.936092770223142967e-01 4.416686444661136690e+00
1.702622836358600678e+00 8.261124064506686349e-01 1.000707181508500909e+00 7.906492668059894591e-01 9.610552707468846823e-01 2.846596671749678009e+00 2.171207588549018963e-01 4.728814355768706790e+00 8.805815106062837572e-01 2.452930197686538527e+00
1.915812313239169784e+00 1.675419805859647893e+00 4.379767578677202788e-01 4.967860382411730669e-01 5.995589003701848885e-01 1.647335138671165655e+00 6.302624641955790752e-01 3.965408918378996006e+00 6.497286396029997579e-01 2.402267416514527021e+00
1.103763589122242372e+00 1.505452898561344455e+00 7.601269153436127635e-01 7.485768762390974107e-01 6.951576450666688833e-01 1.682593027989420786e+00 4.600742913525548428e-01 4.246289702007070233e+00 2.349254580234533540e-01 3.432916311277039334e+00
2.092652260747118464e-01 7.337092440596665321e-02 9.212378777139097752e-02 1.654837860328036148e-01 8.514854696117064858e-02 1.907963758043352276e-01 1.446947611968476821e-01 nan 7.584364140722112124e-02 9.368478132793105206e-02
1.349155668894790328e+00 8.919991558986580804e-01 1.008233164348530497e+00 7.715292341184057934e-01 9.971124183700452726e-01 2.870756679448449589e+00 1.597405145399656834e-01 4.391549913276180384e+00 1.171414734646453404e+00 2.779999671214100854e+00
3.594200046467701526e-01 4.487837665371527951e-01 1.443064899217818997e+00 3.113129165952474020e-01 2.256786000838676975e-01 5.266149700357616315e-01 1.851682161718914421e-01 6.220525916089507668e-01 1.867971080448770138e+00 2.803444850351031192e-01
1.768220926932436710e-01 6.374275111101606051e-01 8.755599761705589179e-01 1.895806361737179813e-01 1.950862824752488123e-01 6.173393102234955299e-01 1.666304872389705871e-01 6.250623884945687436e-01 1.933876700831115958e+00 3.357027139412154249e-01
5.065478131352365576e-01 9.557740337598253921e-01 2.143229604247876896e+00 7.593271373330261476e-01 8.796672611545669485e-02 1.159696630562019770e+00 2.397369871308367983e-01 2.246501772733511260e+00 2.330938504653488952e+00 5.838776053742054106e-01
2.197918748631669805e-01 1.024803423829593552e+00 1.245356134704899587e+00 3.339005001617406099e-01 5.861498740842283062e-02 1.417867339493934731e+00 4.157541026862630607e-01 2.096831202242175785e+00 2.359243907182464461e+00 9.490259733977955969e-01
9.348578574102435201e-01 9.218077436544604986e-01 1.477712398097557944e+00 1.724727191966012319e+00 1.832108827878193291e-01 7.772853475348825425e-01 3.855137955643080927e-01 2.178103858507264956e+00 2.248056540307871831e+00 3.106020764372369736e-01
2.509032436345945069e-02 9.115002116444720359e-01 1.794349950141930439e+00 8.508503922412546938e-01 1.659453793512094544e-01 1.197245502261068184e+00 3.834697446629887208e-01 1.572389781556064792e+00 1.789630153989008265e+00 1.180282128660979257e+00
9.207043985697460631e-02 6.162652711048671045e-02 1.547175970258984345e-01 1.822083641396827491e-01 2.159908081556061177e-01 nan 1.756611149396768157e-01 nan 1.215515173323737930e-01 nan
1.749868338110729948e-01 1.201178630117048618e+00 1.736309826097403031e+00 5.297745735361489849e-01 2.273111882059224986e-01 1.267582537825283406e+00 3.746950346793406217e-01 2.249655292524028738e+00 2.359036037034992983e+00 1.830012183022845296e+00
3.340936034227611096e+00 5.541301639904472331e-01 1.572939688898479238e+00 7.206089207670791641e-01 8.952265842249800265e-01 3.404491683297648397e+00 4.240336183527622094e-01 3.759388371846786647e+00 2.053361194826385794e-01 2.214781057629588101e+00
2.821283613935630985e+00 5.050160468047375506e-01 1.488446776666692450e+00 6.291768593719140323e-01 1.287225128891967163e+00 2.612913118650588284e+00 2.688177016787152152e-01 2.802518172367310267e+00 3.231106635344086486e-01 1.453756173551201014e+00
2.962308254149449205e+00 1.964467903307554497e+00 1.387989355073723452e+00 2.109661251390777814e-01 1.233652517225684697e+00 2.829879919324572057e+00 6.379381278846685266e-01 5.174950170150379947e+00 5.520093573003195253e-01 5.563749915955472858e+00
2.377637072547584829e+00 6.154591700409273169e-01 1.721893348095854037e+00 6.189698908697403024e-01 1.173754497127900809e+00 3.064615452238956816e+00 3.787283023656187186e-01 4.518628591487896529e+00 3.067582316249396479e-01 2.016696280795125862e+00
6.625883194422242939e-01 6.951477879344689637e-01 5.754048161037645936e-01 8.117532970665125580e-01 2.195526283663636891e-01 1.043499045824123783e+00 2.725396114884949816e-01 7.611552047489105188e-01 2.341749169063618297e-01 1.999920854051083774e+00
2.272171386942641647e+00 1.167394577538866773e+00 1.530719495866638358e+00 6.431244817758694499e-01 1.005680310958610324e+00 2.557966975333999748e+00 5.037309942834496956e-01 4.440761852668625664e+00 1.096862908296465655e-01 2.300974952314270627e+00
1.506724466964075859e-01 1.227965793703901243e-01 5.477680323347159375e-01 6.633988861819302141e-01 2.250512160342742485e-01 3.928105235671325302e-01 3.548340783236670348e-01 1.935788659090705854e-01 1.472855669999022066e+00 1.881245577205363506e-01
2.193558025943448175e+00 6.486508069055647585e-01 1.648431774138598538e+00 1.012212403193887944e+00 1.369117768245909472e+00 3.031130714804505466e+00 2.079297559979200738e-01 5.805686845989583844e+00 1.585811353929361400e-01 2.011445905751195973e+00
8.774844648458651752e-03 1.234095810666895575e-02 7.032834694468866055e-03 1.819139200777335902e-02 4.697434327239898705e-03 8.176695098146861615e-03 6.836183593211488628e-03 9.738847290078015556e-03 1.607332831040809637e-02 1.359800721436974641e-02
7.170048873342615287e-03 5.836624789022681718e-03 1.039569966079162758e-02 5.928277813648645013e-03 4.642556420989217385e-03 8.253046290652108277e-03 3.552157698597125692e-03 1.157965982474384349e-02 8.403110747325680599e-03 1.223354463812451054e-02
1.248180759352788757e-02 9.103730188844966556e-03 1.281274700145940484e-02 1.036645277158894027e-02 8.258488771101050660e-03 1.015642046144773873e-02 1.002354194963656422e-02 1.283946614248933880e-02 1.136738909382432189e-02 1.293095176906214165e-02
1.233926398720427628e-02 6.177717784993308307e-03 1.555074221265224932e-02 1.582849739627490218e-02 1.018717203814035327e-02 1.541843592107416776e-02 9.777977750007294314e-03 1.691954922398395886e-02 2.227699498910805723e-02 2.017515498913707156e-02
7.093117234822154255e-03 6.157474534590011601e-03 5.595539388067978862e-03 7.390487530629505884e-03 7.433967824963754953e-03 1.949057052836724452e-02 1.678446046545361073e-02 9.103140674397314919e-03 8.821579564064842977e-03 5.227184319852950720e-03
7.977655187255624364e-03 1.624798741841288613e-02 1.215856508398435037e-02 6.156544518020067719e-03 8.889930147572010916e-03 1.274266034997829748e-02 2.000559103465791161e-02 4.356604628315394537e-03 6.392752430167911518e-03 1.458637302262120669e-02
6.295408976111874222e-03 1.385104466913615780e-02 2.365996366476113416e-02 2.547836180691170210e-02 8.865659697366004913e-03 1.677650785080715690e-02 9.315826553027945628e-03 2.609534636776958405e-02 1.282097869462242232e-02 1.803829898466715459e-02
7.301806553776698204e-03 5.875454751303839027e-03 6.870696841247646118e-03 1.141760719016362072e-02 9.545963187400219666e-03 1.340861814519436410e-02 7.697494664961375063e-03 1.851346425612501040e-02 6.497409761081062753e-03 6.793029899688187573e-03
2.623703679520538734e-01 1.311277732879689573e-01 9.289173397573630142e-01 4.477238092076386011e-01 8.746634325478459815e-02 4.839098665926758192e-01 1.425537777452478005e-01 1.639179922188670924e+00 2.538378794235473523e-01 6.598684842815377705e-01
2.808641339715861052e-01 2.498440118906310459e-01 6.059959019933169877e-01 4.629420673913310913e-01 8.957993471688746601e-02 6.842685008155691140e-01 1.756142026270994250e-01 1.266630751627419560e+00 2.827772153679015688e-01 7.560434592694049716e-01
5.279219447476372062e-01 1.257377106257407118e-01 2.032075445304948325e+00 6.883152620784320774e-01 1.795930576400641410e-01 8.152638677888934815e-01 2.040436701630488417e-02 3.042226628813985201e+00 8.907797182445779116e-01 4.530285246402634414e-01
1.732322276632476954e-01 5.635027250667257182e-01 1.738283555215231591e+00 8.472768438040445549e-01 9.986933946032344744e-02 1.196191831106116155e+00 2.275741432057798996e-01 2.973503030607943742e+00 1.250518939779027283e+00 1.272730555896183002e+00
5.310240126554002238e-01 3.967603159228321602e-02 2.478454522044662767e+00 3.432761184611571315e-01 1.725609720605808875e-02 4.506084324293838650e-01 2.646627132623635692e-01 1.931160088932529773e+00 9.787951104060526042e-01 2.785817629599446343e-01
2.400474825874281126e-02 4.302872423985248385e-01 1.430116355668604511e+00 9.050009465263602060e-01 7.443864601629203437e-02 7.978197303527261308e-01 2.747180864856922367e-01 1.099331255329832668e+00 1.129949569021339029e+00 1.015227704012588550e+00
1.627976895159310988e-01 1.023926597616395401e-01 nan nan 1.254054414882964930e-01 1.463364214507187622e-01 nan nan nan nan
1.178088461403190013e-01 1.254695165665466572e+00 1.301660675848465010e+00 1.167918919304712588e+00 1.747568996398339569e-01 1.920334705501019368e+00 4.287895845258528071e-01 2.373903909622153030e+00 1.675960204436395262e+00 2.340373990717447672e+00
4.939503103112573568e-01 4.024916219092652958e-01 1.460885156777151472e+00 9.688131026248678612e-01 1.448763131322506337e-01 1.552387035124102699e+00 2.865948752128428811e-01 2.706345642451169375e+00 2.581715556536457457e-01 1.119658510566422516e+00
2.747782083155863031e-01 3.553085456516487661e-01 7.472625683938265428e-01 8.590014285014306861e-01 1.753989521786404049e-01 1.642492857261457218e+00 1.834187771233929953e-01 1.624504658475977248e+00 2.939477424290170005e-01 1.250048456838425137e+00
7.925322914479027148e-01 3.526838564175962532e-01 2.249653244038249511e+00 1.084932761174638438e+00 1.840273619429895757e-01 1.874112358558075453e+00 3.580970210591657293e-02 3.583777100607926869e+00 2.499875043403024799e-01 1.203399955492788997e+00
3.802954777592999491e-01 7.223929582304504660e-01 1.354598817903495345e+00 7.471167866972525662e-01 2.001945030133907566e-01 2.163811594250539372e+00 3.929443747247591268e-01 3.465943476156631675e+00 8.139505937986051265e-01 1.737652431047856272e+00
7.266457458590049878e-01 2.436809904589672116e-01 2.303926967339472665e+00 6.376945874172116335e-01 7.970130391875203391e-02 1.520635622517360730e+00 4.377805013388181288e-01 2.049448711818405044e+00 1.166230816730278619e+00 6.740851313336317929e-01
1.681069536553803645e-01 6.035874320024060546e-01 1.490238593446508109e+00 8.800020553402811974e-01 3.646623388253325548e-02 1.953608966279359871e+00 4.032298548523850501e-01 1.763024672518662239e+00 8.868008659280963712e-01 1.553565150475087586e+00
3.806688183032187062e-02 5.741088747935128855e-02 1.404953270488337458e-01 1.816526372477932083e-01 6.271310376339281345e-02 1.783331962454349773e-01 1.046210716744281483e-01 5.394086303903437019e-01 9.864197598227496255e-02 2.769848307349283001e-01
2.417176337554787224e-01 8.224626295633539197e-01 1.237359508321347334e+00 1.001279513190110215e+00 1.399354435294070942e-01 1.888898698319834590e+00 4.436341634311054549e-01 2.746477940388406758e+00 8.462361892357630477e-01 1.881770071015192558e+00
2.388764333970928855e-01 2.603432425051910304e-01 6.527446840566653030e-01 3.533420474836427294e-01 1.882742592620725852e-01 3.195819587721018817e-01 1.624843791852341734e-01 4.814492783481426064e-01 7.460950620016792989e-01 3.031950984289739082e-01
4.199554042857365777e-01 6.281941793423748699e-01 1.468460669293305099e+00 5.440277601873917401e-01 2.485395673663863270e-01 1.963520203206096659e-01 1.476332965438092726e-01 4.626083622662240380e-01 2.007773800060757896e+00 4.862758552668960399e-01
3.263095811371144461e-01 4.455638354576838545e-01 1.546929893961052516e+00 1.487676528892240002e-01 2.271371442033807420e-01 6.399152013666674355e-02 4.250273008181809642e-02 7.310210624864605933e-01 2.945717865584146722e+00 4.005145820710298565e-01
4.506641960770023658e-01 5.685642844459333212e-01 1.497841316094460140e+00 1.737599655014354649e-01 2.662790834690222930e-01 1.739755199574074263e-01 1.066629000332748045e-01 5.368090601095940606e-01 2.507730595206568047e+00 5.255716702385552219e-01
2.393946776885497729e-01 5.711016644912958462e-01 1.430371279842845178e+00 3.155587296123914531e-01 3.917086089790331460e-01 2.252016511239912089e-01 1.429150885556058626e-01 1.947816374900538106e-01 1.342803088604464179e+00 2.193650259634070121e-01
2.934820029116279039e-01 5.086737758605577309e-01 1.109632101651271796e+00 2.181372406383008944e-01 2.291914700161431506e-01 1.297350895050637942e-01 1.142701955212873655e-01 4.216579273212757717e-01 1.865221041312012940e+00 4.382272967262159646e-01
6.075199472904383585e-02 1.607351464425778587e-01 5.012284218842723293e-02 1.602362897267714525e-01 4.492088543940367384e-02 1.176459009161803237e-01 1.055175783656638472e-01 1.075408650857171411e-01 1.567976894156939693e-01 2.407666758031440091e-01
3.884464792367295916e-01 6.569615892117159905e-01 1.643825358548868909e+00 4.224088578368315750e-01 2.161025373326749821e-01 2.385245582970423883e-01 1.056467813371259196e-01 5.707147476096410266e-01 1.929079067568135519e+00 6.822332077308443932e-01
1.246768975827203668e-01 1.530117342867652330e-01 3.175636427633840020e-01 1.044995200198775148e-01 2.919563646181542182e-01 3.783928141590377492e-01 1.867121529668744340e-01 1.341685406726784713e-01 2.471702403065491882e-01 4.093887626783210276e-01
8.446893137973986443e-01 6.153545657921036804e-01 1.242009600789373058e+00 4.381838270570079241e-01 4.527021853475962088e-01 6.651868555078518375e-01 3.564568731533573898e-01 1.409125263356832969e-01 1.777803352767370448e+00 9.382456867666315592e-01
8.034049677342351981e-01 6.302042777285786768e-01 1.879850658545483277e+00 3.243271085206072546e-01 4.113795366851414892e-01 4.456704558777566105e-01 2.521705138155951875e-01 2.759364717214440876e-01 2.699105984131980662e+00 7.649868121018251754e-01
1.042373734237147964e+00 7.634147482909139359e-01 1.796862670216983648e+00 3.125748772100817585e-01 4.618658202431165094e-01 6.259862750842868362e-01 3.951866870043478919e-01 1.478744677673949071e-01 2.459124258444117750e+00 1.050008392202897767e+00
3.852375905936947786e-01 1.326607600999703540e-01 7.410048450762882766e-01 3.508486848938053293e-01 4.800851633626180281e-01 1.411769747883327986e-01 2.556431923657770389e-01 7.632453930752620963e-02 5.080209988722952374e-01 3.312363786355108641e-01
5.986225133342809590e-01 4.496774378977728137e-01 9.000234564077674859e-01 2.923684367453071031e-01 2.947421068868478766e-01 4.503727653054533375e-01 2.525446315189819879e-01 3.366337870839886115e-02 1.312027053722972347e+00 6.171776207681199944e-01
3.100877147454947358e-01 1.772522569783047675e-01 1.012963295597827246e-01 3.531814889653432377e-01 8.798900529731107367e-02 3.605077365713294513e-01 4.342042269703106361e-01 8.796296800045927400e-02 5.084279799223888618e-01 3.670926221442322723e-01
7.528172495972177414e-01 7.930115453533062020e-01 1.704487492044257202e+00 4.274726927419342237e-01 3.698043345498021051e-01 6.819864220746139072e-01 2.999142278615111179e-01 5.988863532058696926e-01 2.039507382100975708e+00 1.106152026118437881e+00
5.951412792655495082e-02 1.864876098443555563e-01 2.855834737276261581e-01 2.615218787197318706e-01 2.011627628232866838e-01 3.599961813495792251e-01 2.303011774162677314e-02 5.019312532835310536e-01 4.326859543470336078e-01 4.563084189580891015e-01
1.424357370175470816e-01 3.378415754051234954e-01 6.419153071180960790e-01 1.093864174217372975e-01 8.240205752160945085e-02 3.377553254282610329e-01 8.757115039963196679e-02 8.033690530386781159e-01 4.414747243600253279e-01 6.582564928444303298e-01
3.369020164678625251e-02 6.445098574497927224e-01 2.216898393751476348e+00 9.705344687954250427e-01 7.619724958798475278e-02 3.437485981975246796e-01 2.386396371382987769e-01 1.390667211573327400e+00 1.670771277297013579e+00 8.066601112078639613e-01
2.704895088803193071e-01 1.147105397456987363e+00 1.953791051329224260e+00 1.706637513878163093e-01 1.281053981536166841e-01 1.186635993562863867e+00 2.747640948505110092e-01 2.162641066935830914e+00 1.645234727156585475e+00 1.775835292524116316e+00
5.424902133883899302e-02 3.546136394083667653e-01 1.328980283659789929e+00 3.673681562288891311e-01 3.771160153678175808e-01 4.410455552936065615e-01 2.628958861032183458e-01 1.010520585189830678e+00 1.826673583814237833e+00 3.285771056448086869e-01
9.237974734564374790e-02 4.950811441552679937e-01 1.089817477875040019e+00 3.216420227339252813e-01 8.498942988636393192e-02 1.547090797820253605e-01 1.060645605439371753e-01 1.076047798426133628e+00 2.236083136367864377e+00 6.719199979526782052e-01
7.391368643728282728e-02 1.373939572421713773e-01 4.777580974712317130e-01 7.228512664203031735e-01 1.014609598394297929e-01 2.083962452566941181e-01 4.135939144336341078e-02 1.404601953182475216e-01 3.733283027289394651e-01 3.327966937822374738e-01
1.960995260949334185e-01 8.686868164279869520e-01 1.442833697706507934e+00 4.169399590347461215e-01 6.859402329868945214e-02 8.361662417644993850e-01 1.661712861823419207e-01 1.813336841185226422e+00 1.729294917242359952e+00 1.328125193956783079e+00
1.193799328944222249e-01 3.947467314444470798e-02 9.469954207020903070e-02 2.107368281752474426e-01 1.068820314620192169e-01 1.414156062015791138e-01 5.697589331559545223e-02 nan 9.285982854850875767e-02 4.383909991589435839e-01
8.995548457820462529e-02 9.824656816636434531e-02 1.498322644828623817e-01 3.723996182307020564e-01 7.417572779347836320e-02 9.880626291352727353e-02 3.824080740428959652e-02 5.966693678248564947e-02 1.991792434985483196e-01 1.960200101080858959e-01
3.203921619463548920e-01 1.541999509781180888e-01 3.043005374852007505e-01 8.148921556396625521e-01 2.212576786919112914e-01 3.685695055783123619e-01 1.045901279186354782e-01 2.812707897511823596e-01 1.889496728327180186e-01 4.092572086243796425e-01
1.353198018763589916e+00 1.374185569633366022e+00 1.924112489571556672e+00 1.307156445490972041e-01 5.790393742581989578e-01 9.092350841539608153e-01 6.416399601196336455e-01 3.462559262349830247e-01 1.754624073018617114e+00 2.047223813549211791e+00
1.598109379703239463e-01 1.702771090151386224e-01 2.416590481010673086e-01 6.337768332191384690e-02 1.220837795718905661e-01 8.614793147634725035e-02 9.718365995742545005e-02 5.396506974603590412e-02 3.197541922779417733e-01 2.119292491488351110e-02
1.655871582328905800e-01 1.514688368563263388e-01 3.534831705508311717e-01 8.376760325467710877e-02 1.090687912352225064e-01 5.307595128846186172e-02 7.598843917449332741e-02 3.252522370894106452e-02 3.428975702343662335e-01 7.738696559933555541e-02
4.597712406026532861e-02 2.468127545219300084e-02 6.410351508834778722e-02 1.570705348118603129e-01 4.037159868684180031e-02 4.091254473388307444e-02 1.736561992454022790e-02 6.562404971685800725e-02 1.278958021182687865e-01 1.077449636020221674e-01
1.301321193855225211e-01 1.053422312661918409e-01 2.297976619216353378e-01 4.882106696935413492e-02 5.715613670881144331e-02 3.989002477165039251e-02 3.677470889093119311e-02 2.848811373465106114e-02 2.616014698758183377e-01 5.917596770868466249e-02
5.864187735564550807e-02 8.126547934591141220e-02 1.849678390584372917e-02 5.277549685543686531e-02 2.473991287122622243e-02 8.708603285000725280e-02 1.211558737577908551e-02 5.425978337738215918e-02 3.448682857855040612e-02 9.655024324005471656e-03
1.017183273535880311e-01 6.520123455459247985e-02 1.532183090072738452e-01 2.108558306911064439e-01 4.191469327477842510e-02 3.727949978973219003e-02 3.586669411415337877e-02 3.948952704182038392e-02 2.357567319894426916e-01 1.173721990632543566e-01
1.571326237999615683e-01 6.611796996968306861e-02 2.334360604352258006e-01 2.279489385500181320e-01 7.940639661150146467e-02 6.245619331891482523e-02 1.620117916187584495e-01 2.390195786133729461e-02 2.203100718497445210e-01 1.218210454617853766e-01
9.703329977055005218e-01 9.584879079277199843e-01 1.709457828507688903e+00 2.375261688089248535e-01 4.062243659476009738e-01 3.449835213801523137e-01 3.343343228695487279e-01 2.429124288834008660e-01 2.695633947443944134e+00 1.086187388518394581e+00
1.756007860034355383e-01 1.425174993402590351e-01 3.019992063339232424e-01 2.127305848929134102e-01 8.905935015607030492e-02 3.487995854335591145e-02 1.369822826178839492e-01 5.966034380990132419e-02 5.303017744731464145e-01 1.227020367807462181e-01
9.046828892284534962e-02 9.080897503258678061e-02 2.198725969818240700e-01 6.144761340107023767e-02 4.363091553805636957e-02 2.257463934353191176e-02 4.386139541965325406e-02 2.451235021179897638e-02 3.692911860577307581e-01 6.517159261966537498e-02
8.428438074595942520e-02 5.759995818144617030e-02 1.378047031106258424e-01 8.134391434534950227e-02 1.883610761480990561e-02 1.964509311581323289e-02 7.345843086116170262e-02 1.470685648880984756e-02 2.337658885666879238e-01 7.599044040242841636e-02
5.900381737084165606e-02 4.863258639775384917e-02 1.330648122532755995e-01 4.235281930731314703e-02 1.950805264064354311e-02 1.221577523278871702e-02 2.325044323446466554e-02 2.352869135249636978e-02 2.199215747337243676e-01 3.726310053136877576e-02
1.973236826842774683e-01 3.972784806334725416e-02 2.357989785777491465e-01 5.384025406524715063e-01 1.169027350323804254e-01 2.950207430827679889e-01 2.966980212257729760e-02 7.705490699242258101e-02 7.291733895190283254e-02 4.207549404503723722e-01
8.590498436797616710e-02 8.972929610207766582e-02 2.576172893501315064e-01 9.626282189886045670e-02 1.681222628597745655e-02 2.366265195618502126e-01 4.793729343314410279e-02 2.506999862378908039e-01 1.614493401214131540e-01 1.661864758460210312e-01
4.349102092438981160e-01 2.480983667193153719e-01 4.468710037866370222e-01 3.380790299097042317e-01 3.375533605895678774e-02 3.049012446676400145e-01 8.043980432265711300e-02 3.231495299184367065e-01 2.602219806088138521e-01 1.736691035927088733e-01
2.457719645721631596e-01 3.404277543314222498e-01 8.514677243830262032e-01 4.947895937929067678e-01 5.566654630035381551e-02 8.581041074208828334e-01 1.997265889353860291e-01 1.252073563794868338e+00 5.778743288667984590e-01 8.295126681009618030e-01
1.319289560709436537e-01 1.201201777022998726e-02 5.527361974334393802e-02 9.865636820222216385e-02 2.897333280147507129e-02 3.675060920999129177e-02 1.999418187375887404e-02 3.849316003340120390e-02 5.078639572653500384e-02 6.084673185309424220e-02
3.404724033640227354e-02 8.508579172916735239e-03 3.958876030485063841e-02 6.043604393084211178e-03 7.803546431270992623e-03 1.069480612053600246e-02 3.172260956257837768e-03 4.773743594012030966e-02 1.759545162802382545e-02 5.803283184312271401e-03
1.158206818821072848e-01 4.124243245891578286e-02 5.785853188510266948e-02 9.588198036088151077e-02 4.573399536762115525e-02 1.651339321905813673e-01 2.631557690140578359e-02 1.369742660839376458e-01 4.861315385422488866e-01 1.555410556975869163e-01
9.394211192971613222e-02 1.689735549495531008e-01 2.982522072599495533e-01 5.428635140486116895e-02 1.920342448666403912e-02 2.271233638803251131e-01 4.297022262922382124e-02 2.076624782379601353e-01 1.105427902724985950e-01 2.955667419059210266e-01
2.641458919991054172e-02 1.758557021897818873e-01 4.814937836195768428e-01 1.078530381560796336e-01 1.458786532777681111e-01 1.967451352559541899e-01 8.498357427638975059e-02 2.125775042623365418e-01 2.644861300319305553e-01 4.033267208590647357e-01
6.272294753023061054e-02 2.702848365331346203e-01 5.444107566525224762e-01 1.441541596760845811e-01 6.348580775246287500e-02 2.121202052272878613e-01 4.953696953847027545e-02 4.510808627483762212e-01 8.757166978506072397e-01 4.542169099999825432e-01
1.080864401986905005e-01 6.336996869968961610e-01 1.971590982034643336e+00 3.277437666815111172e-01 1.028503719155007129e-01 5.311255558749743422e-01 1.779488168105372858e-01 1.339180179243503854e+00 2.449920444800897545e+00 1.169409309820504284e+00
2.333832661399335429e-01 9.543874552668170086e-01 1.836968905991966938e+00 1.650018179985064948e-01 1.288326305597516652e-01 1.020499310141502303e+00 3.206317701047290969e-01 1.564560810001326852e+00 2.240319986971262445e+00 1.772015257454462533e+00
1.689190969859452884e-01 2.752465922730473191e-01 2.037768620972773004e+00 4.426187308147783162e-01 3.116467229408518280e-01 8.740751945370534015e-02 1.236610211946492371e-01 4.547366735792718884e-01 1.207692368180766973e+00 5.603194890469541667e-01
1.404675933220387030e-01 3.385631660374758267e-01 1.294822063119853484e+00 2.303351519037800665e-01 1.073944738068371291e-01 4.723978061788553645e-02 7.385423172201097120e-02 5.771289460374583458e-01 1.650621344058527562e+00 3.826489362886072998e-01
4.822802826901792517e-02 4.888045128634268405e-02 6.688599404211241495e-02 3.020217208696691219e-02 2.029690178377490176e-02 2.380266240994408089e-02 3.255069447215860196e-02 7.345716229000505415e-02 7.435922995550131587e-02 7.347291890521603919e-02
1.449716649250091527e-01 3.918609345000113042e-01 1.277545689288220876e+00 3.756115938960151168e-01 1.259447408851009365e-01 5.698233000661402647e-02 3.578248704180864159e-02 7.051386694623444917e-01 1.659815137018546771e+00 4.249073720314552327e-01
5.944935594552236413e-02 6.094425333904282538e-02 7.027361789146935322e-02 1.388215119017284782e-01 1.102753377322216177e-01 2.681196157032047500e-01 2.550045453940453788e-01 1.482131413083721261e-01 8.115919509773324159e-02 1.567513700678759836e-01
1.146472047807827466e-01 9.820672740014715907e-02 1.521045238135644573e-01 3.492087353862194932e-01 9.070198263556106255e-02 8.226590794092197845e-02 4.185637558260881658e-02 7.794282901365662264e-02 1.820065084702680025e-01 2.034289592796726942e-01
1.561664017936126858e-01 1.244898856322045194e-01 3.048882317930493580e-01 5.025946502743264821e-01 1.936080234824832380e-01 2.001302319294078758e-01 7.644287996491953840e-02 1.516357851177328742e-01 1.675498660462843570e-01 1.545355625411417300e-01
1.174771512053760070e+00 1.461753199162127759e+00 2.011817342397079766e+00 3.255986508605913099e-01 4.835490057913944817e-01 8.603826138358401376e-01 5.837817182454670961e-01 6.405467112428342435e-01 1.994338928489423957e+00 1.943304149749856213e+00
2.736924936521870078e-01 2.815793043579624122e-01 4.425167209865211726e-01 1.101739093404054404e-01 1.095544575323898900e-01 1.107806504209957743e-01 9.835571488950566044e-02 6.040257159790476948e-02 4.438842990698854685e-01 8.987004001880027904e-02
1.823050543840811222e-01 2.080986404215717234e-01 4.623200760796478126e-01 1.890351882867004618e-01 1.060778332880269736e-01 5.409223247000678747e-02 7.842289068557473097e-02 4.637283334616810332e-02 4.538030315842726536e-01 1.146127705534530916e-01
7.199325081761620559e-02 2.518041481986602742e-02 7.949716875045334530e-02 9.482552362357608844e-02 5.096569250514693811e-02 1.366228697130262779e-02 2.470464273470957678e-02 1.789711299696404301e-01 1.239293264188457283e-01 7.507268188569146683e-02
1.254986210569151439e-01 1.195416021867510697e-01 4.218968700491737556e-01 1.059626088033487484e-01 7.034757833474952760e-02 4.258436473463418637e-02 4.612731380991500624e-02 3.355222487961555949e-02 3.449703065587337858e-01 9.895060199911509535e-02
1.060629697911529834e-01 1.514537651030124499e-01 5.976357437084944824e-01 3.010019705502849918e-01 2.246395963693643416e-01 4.432071055384168012e-01 3.696327159165461729e-01 3.839470848509777268e-01 5.395162052979836087e-01 8.859402161646132146e-02
8.219114399082734501e-02 2.128998361993032495e-01 5.039004078322502078e-01 1.554895881888684328e-01 3.506485301457337722e-02 3.648148919577537397e-01 1.316726563963283025e-01 5.452406670267327948e-01 5.206041974423516461e-01 1.494856830985727969e-01
1.321347582739403614e-01 1.008864596826210436e+00 1.857213891569739594e+00 7.456530600982199664e-01 4.341843544198224075e-02 1.952828968797536979e-01 4.204059065022366232e-02 2.237513470596352416e+00 2.253195132993655037e+00 9.382770364506292093e-01
5.662255769114002968e-01 1.350721163946662973e+00 1.552802180594476944e+00 3.377113190898721196e-01 1.426841313198293215e-01 1.704459824767679654e+00 8.063717748395451967e-02 2.890422666874315816e+00 1.905883780973192110e+00 2.376832105535858997e+00
2.991717226630955517e-01 1.562393232228012518e+00 3.493262881684495724e+00 5.242226271809622418e-01 5.618319820713596480e-01 3.362488175021500769e-01 3.728143894522015223e-01 2.481773255651795740e+00 3.567241205145568639e+00 1.595269899212887310e+00
3.801597606303391830e-01 8.989264813286319544e-01 1.844349155817223362e+00 4.536193860073257644e-01 1.974115218104289249e-01 4.886005518850781160e-01 1.478359067726885967e-01 1.690445987972149400e+00 1.375404911860556467e+00 1.407134022387217520e+00
1.038505156208293922e-01 1.137738898111496366e-01 9.826272686967689463e-02 2.399490666270956141e-01 1.883199508930684662e-01 nan 8.977242826932030351e-02 nan 8.046529567795689120e-03 1.787675141751042251e-01
3.136239032999916243e-01 1.064245853289284671e+00 1.467963433576539245e+00 2.592114037417868055e-01 1.613342476369783174e-01 8.460795185700445975e-01 2.303375771100024949e-01 1.638292627600967943e+00 1.820446396186236493e+00 1.529330818116917623e+00
2.157306208967909311e-01 8.260437457101500458e-01 7.374357847039819669e-01 3.027077949101968923e-01 3.633071945480231824e-01 1.411274952079397682e+00 2.793184993741864020e-01 3.897090137586574077e+00 2.387886778302443225e-01 2.129737617442830633e+00
4.853660834159586601e-01 4.354296421513059179e-01 7.939149557061897511e-01 1.919789910479386963e-01 2.711438262654836118e-01 1.154807431140427720e+00 2.184566958629591549e-01 3.479193590371447709e+00 2.353179686821084693e-01 1.623354406516289039e+00
1.665233796427831592e-01 1.519761077301053476e+00 2.539579997546820955e+00 1.754800629514746912e+00 2.785069071464781887e-01 2.934271287342980816e+00 2.715504970380520078e-01 5.629018645602260840e+00 8.163055749944960748e-01 3.371931425494878454e+00
6.761084202477805061e-01 1.811946470542740162e+00 1.038168155819369831e+00 9.009938541443733850e-01 2.501451466212807895e-01 3.286346789320792272e+00 8.203386286015421636e-01 6.563272147350962982e+00 7.693355357939473116e-01 3.791815408112773955e+00
1.079615870631130126e-01 1.312322897589421888e+00 2.405709194686455721e+00 1.132791572547196202e+00 9.001455821830897652e-02 1.849525912992863175e+00 7.058093669391201086e-01 6.145381528411361316e+00 1.205530415753989448e+00 3.123668854542995810e+00
2.073298912623004475e-01 1.577048579215257096e+00 1.358548000151003077e+00 5.963220395301087606e-01 1.907870821103859471e-01 2.186861593680522908e+00 4.774854825785262991e-01 4.034616635760228220e+00 1.716618969148885565e+00 3.091237361748094159e+00
2.131487838120117995e-01 1.952523075726893542e-01 1.162833520156434097e-01 1.748796776601115877e-01 4.411122140686405541e-02 2.754000197583582055e-01 1.712794743032350631e-01 nan 1.333064036867401547e-01 2.478521759882972852e-01
1.508491542325985924e-01 1.381599016118803647e+00 1.074988134643755089e+00 7.047109707136387513e-01 5.303371046006082334e-01 2.469296685398192359e+00 3.044001651841572453e-01 3.420971234256203530e+00 1.562978251284361964e+00 2.723114865485569247e+00
8.844603061269523669e-02 1.393474482183052476e-01 3.941206252400225596e-01 1.153036657882724331e-01 8.842097642293897386e-02 2.757037544789231465e-01 1.324175254044581418e-01 2.306060177031286629e-01 3.262762957727232127e-01 2.048706305202404807e-02
3.029349752450067879e-01 1.367965018693685364e-01 3.703832442989704044e-01 9.453974896181621679e-02 1.237518318423899144e-01 4.109406133314815746e-01 1.072394416743716744e-01 5.397675765895852962e-01 2.415739778793165593e-01 8.781309740115517126e-02
1.078968625777636969e+00 1.958886937180173426e-01 1.552660568935996688e+00 7.107673727749513892e-01 3.194898334082713620e-01 5.926861569861112400e-02 2.655274573747463118e-01 1.471612005201729634e+00 4.045189534942188470e-01 3.909772105528084296e-01
1.208526174286755905e+00 2.629465588568436374e+00 1.999753701654326754e+00 8.586127865392754188e-01 2.241415921487073248e-01 2.116300983432878979e+00 2.535330935063250246e-01 1.809756384926202166e+00 1.730524644919346100e+00 2.828547432047025190e+00
7.006028389825724734e-01 3.526757430478980604e-01 9.762246306150399455e-01 8.191071684862202273e-01 3.842778258938903679e-01 2.659328017228544394e-01 3.813393946477446894e-01 1.625720912666553941e+00 3.747458852590898060e-01 4.534448871854018792e-01
3.174962990090177684e-01 5.121473839048987786e-01 1.098858782625085739e+00 2.680314809480752181e-01 2.048106668898378169e-01 9.478746981182950559e-01 4.733125914656086813e-02 1.770498735284920189e+00 4.658520135556075692e-01 1.487120461954076323e+00
1.803086964487865540e-01 1.889522133056788789e-01 1.455268614192637144e-01 1.107026609346150464e-01 3.279782643758387406e-02 1.617472791360564099e-01 9.413099427588732249e-02 nan 2.280099430186620924e-01 nan
6.728855176294723517e-02 7.075493850183610656e-01 1.061156108062266012e+00 4.715453757826625347e-01 1.669864737868212989e-01 1.291095366684560375e+00 1.626620200711505482e-01 1.795352881642410248e+00 7.406375033807570674e-01 1.784604925927471220e+00
3.756607979908218042e-01 3.380610171295506117e-01 8.171731188397024503e-01 2.024554133910357601e-01 2.761302978868194757e-01 1.779754814801827734e-01 4.789690767887544443e-02 4.300929777043154267e-01 1.770845615248312299e+00 2.774153990449485518e-01
2.148697260619069072e-01 2.913688687395895593e-01 6.350266905983595889e-01 1.531004507061140552e-01 1.279491907389374017e-01 9.176741784519537593e-02 4.693978096451062454e-02 2.973145474940162014e-01 1.304848671996779341e+00 2.631143638198982226e-01
2.924055654026509465e-01 2.559688234775416293e-01 5.812769385817326828e-01 1.523075142185096043e-01 1.005631740845523842e-01 9.754741441609607322e-02 3.797423999946188122e-02 3.183002262694122897e-01 1.342481825453725408e+00 1.300583004787232433e-01
1.286260368922383102e-01 6.747168708135110882e-02 5.931258647425629027e-01 7.665339035615277574e-02 4.302728761311433447e-02 2.146381187649704647e-01 8.105262635715043684e-02 2.336696016829962752e-01 1.396535257804840224e+00 9.802415454648792659e-02
4.291199953134849920e-01 2.165464668510966029e-01 7.718329730815952638e-01 1.937403549414490889e-01 1.156124581877210344e-01 1.569273492160279115e-01 8.054778155826769481e-02 3.534249617141510535e-01 1.432418577047095853e+00 1.512472289463659136e-01
1.808388256736465638e-01 1.700228299160895240e-01 3.943675143460977361e-01 1.532759201121485781e-01 6.164206189118562329e-02 7.819084325720748740e-02 4.662400788969343901e-02 1.775263322572272484e-01 7.999248766725137738e-01 1.570586042410078709e-01
2.223535718930471847e-02 5.072450247476292806e-02 7.358642411074294010e-02 1.815984701675224522e-01 8.300374155893502914e-02 9.157435184821793861e-02 5.626608662114154780e-02 1.152776406623602368e-01 1.607221545036888466e-01 4.364933139554832975e-02
1.853732075080874453e-01 3.266785717212965512e-01 8.870247037089172837e-01 2.107462950740333907e-01 1.482429030107700885e-01 8.091413317722892518e-02 6.298877346471588867e-02 3.718639504459886336e-01 1.364103339048783781e+00 2.445913927156541101e-01
2.468486703064456389e-01 9.273902720119404919e-02 1.241875687745009060e-01 2.575919094158693468e-01 4.804724996117322455e-02 1.262954065384296332e-01 6.821222760742903790e-02 1.928076721173700436e-01 1.356767095089679021e-01 2.099616361096491857e-01
6.110343394248329840e-02 1.190878043826130439e-01 2.906332392908625994e-01 9.749082873213565925e-02 4.727269112556111222e-03 2.663966788184138901e-01 6.633659290054555457e-02 2.755956682351287101e-01 2.095001437127472499e-01 2.460332287438317111e-01
7.928411542095911702e-02 2.573391435599968746e-01 7.646533338276417791e-01 2.051063163966540814e-01 8.363454164520056633e-03 4.931202594085615232e-01 1.420804611768505532e-01 9.535429523249789874e-01 4.752580731452525353e-01 5.561991087387680999e-01
1.812833350783872866e-01 5.826620677988187946e-01 9.282116740203192329e-01 6.324300464373092678e-01 8.212015910366532445e-02 1.005908451023165950e+00 3.049547037449272247e-01 1.269899954325674596e+00 9.547083882017231016e-01 1.228292246169513380e+00
6.944294551631197132e-02 3.265830116340477651e-02 1.340962330720482931e-01 5.284508216580536752e-03 1.163527863256989120e-02 5.120237824427115170e-02 3.677020600099922820e-02 8.937851806196131510e-02 5.367706841938323786e-02 3.791925480879516919e-02
4.752558701484516090e-02 9.365449069736180021e-03 1.130046062538297980e-01 3.444743396014148668e-02 2.570679067699277454e-02 1.036179234038138580e-01 2.182278890882353994e-02 9.465033713128605253e-02 1.566920406107805142e-02 5.100801456427811464e-02
1.605060039265621408e-01 6.809437826919183256e-02 5.095269291010887103e-02 9.437351194600426818e-02 9.589240644076266196e-02 4.082040207740388060e-02 3.942456653394981608e-02 1.879056618738674522e-01 9.890555672130754705e-02 1.324991698025660691e-01
3.897649380721848744e-02 1.662396894618217158e-01 4.148488941883458625e-01 6.760499414809514884e-02 1.147216325153017913e-02 3.770748022176810821e-01 5.345986456003655463e-02 2.719445279242329039e-01 1.588404555474940971e-01 3.655307095715368271e-01
2.346026487248446535e-01 7.091503679302744168e-01 1.045077817468630793e-01 9.346428055904203169e-02 4.847339564471282447e-01 9.485591079642721746e-02 1.292942762815367519e-01 1.185025206071468773e+00 5.142708180238355631e-01 1.419131619715132686e-01
1.068305626485864246e-01 2.785118434381246844e-01 2.463288601248646292e-01 2.474260838979403521e-01 1.130735640605085024e-01 4.924085940757887830e-02 4.043033362756818377e-02 1.645060621590029026e-01 3.742970983646257688e-01 1.125808637428066111e-01
1.290989279610277041e-01 3.496684355984569503e-01 4.406860746877168666e-01 5.019693451176194809e-01 8.877052491166653736e-02 1.804937379585731527e-01 2.051477368240296750e-01 4.415379045415578352e-01 7.819400916923638922e-01 1.978619901448175344e-01
7.841427405921065352e-01 1.081426035728743962e+00 1.402106886383935436e+00 4.802166326249868722e-01 3.492027329827581683e-01 8.075860031702166708e-01 3.953297834273164502e-01 7.449664328472258568e-01 1.853367254899134897e+00 1.676329977024071827e+00
3.592011733444655519e-01 2.775335321354175933e-01 2.997901215714890433e-01 1.829390383099546435e-01 6.316391562426454387e-02 8.931590926370883143e-02 1.043216398788328336e-01 9.168131014298261383e-02 6.852159400283857060e-01 6.012735571108410171e-02
1.596622424683105668e-01 1.245291619863506394e-01 2.306527440993305089e-01 5.080533920909725831e-02 6.255273517878388867e-02 6.164880211356435491e-02 6.864317828619906359e-02 7.838073298329436764e-03 3.522154204253189480e-01 9.548524490916818208e-02
3.534764791238002857e-02 3.057104537697196908e-02 4.251790762208797897e-02 1.309782407164976903e-01 5.359394037024602098e-02 6.555018206365370581e-02 4.871056841572635188e-02 3.146588123968240003e-02 3.064852800865721857e-02 1.069861991434054166e-01
1.357153117289326416e-01 9.826479696448534029e-02 1.917529302057738305e-01 4.541604320981582760e-02 2.088770076450298385e-02 4.585535187854895139e-02 5.226434369131242180e-02 1.296690077022612415e-02 3.384491124220972424e-01 6.580431949536608149e-02
2.272454920696854314e-02 7.543181104582269425e-02 8.065230557541047673e-02 2.189593748315538102e-01 7.387255423414770816e-02 2.419836430709527419e-01 1.505677604026443156e-02 2.735118994997953190e-01 2.781752003338421320e-01 2.878584002035887712e-01
5.761760921659055817e-02 5.346399503727961022e-01 7.865645289098566195e-01 3.663126589638467934e-01 1.092501553246194718e-01 9.816664153703235085e-01 1.581996793355608111e-01 9.857162982504459325e-01 8.559528623779286693e-01 1.370567824193419826e+00
2.180510158210353100e-01 1.506845226584793140e-01 1.849455926477984180e-01 4.399377464192719689e-01 1.471313987766666442e-01 3.398440485534435784e-01 6.273114245806704625e-02 3.257520442517457537e-01 2.493522923298356342e-01 3.414937544092492838e-01
1.743283169884434214e-01 5.820240025602548828e-01 6.857762560769997684e-01 4.230106195580002337e-01 6.572607248921291667e-02 8.350649478260705472e-01 2.092374825848698772e-01 7.729313486193453153e-01 7.592818351545371769e-01 9.638093753368552896e-01
1.836942690146054491e-01 2.240945193380428913e-01 1.418182426653031292e-01 1.292632132681458546e-01 7.611276051264313780e-02 1.705739010429070668e-01 8.776485997531301153e-02 1.140905524303918867e-01 1.888065464151447437e-01 1.856083113472848101e-01
1.042629249944298092e-01 6.886392079986238812e-01 9.397516072852469815e-01 5.562750338545070505e-01 1.339362347827060817e-01 9.900935500979783921e-01 2.269695615734631522e-01 1.222469335208374197e+00 1.060833059268638134e+00 1.432631195119191236e+00
