1.954324859572543691e-03 2.083257234461862936e-04 1.077256332690426600e-03 1.512331089092670095e-03 6.605791954323023997e-04 5.999035399433499515e-04 2.596820539172872591e-04 1.043735260704204380e-03 6.804329790286063606e-04 4.274011859897403694e-04
6.512046016369870370e-04 5.185253067999562489e-04 5.288207443090690721e-04 1.788396317679333833e-03 8.181177594068250085e-04 7.978143819991602654e-04 4.015921664876924879e-04 9.930263957567064207e-04 3.906073837669259618e-04 6.007230585739439278e-04
3.654057621317890418e-03 1.411162010648594730e-03 1.664425556618538997e-03 1.004584718115436245e-02 2.224967530278259675e-03 6.336819553375375733e-04 5.125179334233550882e-04 1.198708122111298655e-03 2.763653217597319533e-03 6.530824302121718446e-03
5.383638878994585287e-04 2.766016396525689393e-04 3.671872980134826452e-04 2.090242809215537862e-03 8.843004001599056186e-04 4.107331277834544306e-04 3.888284167527973362e-04 7.719530307371104752e-04 8.634740540364618626e-04 1.228909131440692349e-03
2.431587498223920438e-02 4.250644149741418520e-03 2.545675091220446842e-03 2.605560654805701842e-02 1.890863953287727842e-03 3.186245656781678398e-03 2.694298588445545248e-03 8.640046070290247765e-03 5.799261726428969060e-03 9.330996159225635536e-03
9.555425616369821271e-04 3.352968299471567994e-04 6.232011598220812271e-04 1.622950797376109542e-03 6.778745357378695080e-04 4.749043739976925214e-04 4.727669458275089850e-04 1.121920354940747792e-03 3.748661066868644873e-04 6.378346259608366504e-04
4.812449530434651391e-04 1.048270108513404335e-04 4.180512684929705994e-04 6.147885410393383408e-04 1.035972874784011092e-03 7.078891342238192996e-04 8.576051495545495163e-05 8.730189991230602551e-04 4.215140339454016686e-04 6.090664561071817669e-04
7.999656062912292734e-04 2.788411999471194580e-04 1.615865017824816893e-03 1.289520268716096195e-03 5.427509610701615429e-04 4.176447167792451715e-04 6.312071884422490583e-04 5.710458257197719139e-04 4.410526627614932472e-04 5.478188158949434498e-04
3.078079390223188889e-03 6.118463484095953194e-04 1.162096246919665319e-03 9.246960281366808357e-04 6.563049341273326925e-04 4.143871478323794778e-04 9.630884200413536607e-04 9.672935185599786318e-04 3.417431826516337105e-04 1.321993559889352368e-03
6.747385959625651353e-04 3.432835204039253016e-04 3.085968882542514135e-04 6.634853949136596159e-04 3.456997003446688529e-04 4.093213618693233315e-04 6.555098776289013844e-04 8.884011076963054671e-04 3.996146372645270227e-04 3.721447450665788881e-04
1.497500015492703174e-03 6.331950391038950604e-04 9.295304893364747956e-04 6.168917834086940465e-03 7.101599570203393072e-04 5.156705494413019999e-04 5.261278834854198451e-04 2.669423651368173570e-03 8.076337067093362172e-04 6.414976145931188976e-04
4.006401759636086602e-04 9.785275029024766928e-04 6.199363532703445860e-04 9.216507250353759076e-04 4.646827396047697426e-04 3.572361685479574713e-04 6.791827823123714218e-04 8.441494607231425640e-04 4.832833572277191268e-04 1.996098670513328098e-04
1.891813167015161945e-02 2.726670885076757592e-03 4.274570183058399274e-03 3.107255021417809539e-03 8.574283375588013633e-04 1.009942141708789669e-03 1.492727997944865315e-03 6.676705918739217309e-03 2.896284220261825543e-03 1.420699196845449323e-03
1.439513085123489541e-03 4.383599747556486291e-04 3.694576686599442103e-04 5.281074850384570888e-04 7.765221360997015803e-04 2.913342909649837414e-04 4.497435074744935866e-04 4.949177573076123365e-04 3.117052629955411008e-04 8.155796477821643676e-04
2.207903110624740426e-04 1.659975241802586231e-05 4.953882430656103038e-05 9.034607326497776244e-05 2.386143493812613108e-04 2.883670566842559614e-05 6.457257888483854732e-05 1.128129357756750643e-04 4.315112229981522748e-05 1.454670218708383736e-04
1.505100955122356740e-03 8.247463705116896962e-04 3.181860657896241071e-04 1.047995720231495237e-03 3.564355889496180225e-04 3.448882881290835350e-04 4.230217573256167020e-04 9.577509643888440071e-04 3.834904677394425582e-04 1.054611059167112402e-03
1.203818592497837630e-03 3.962251875176669817e-03 5.794261634277346126e-03 8.372123077560838372e-03 2.898450207336314248e-03 1.213841513017122758e-02 6.082976396725290995e-03 3.772855540036563083e-03 5.807212752057558554e-03 1.158165247983268878e-02
4.763595900604411168e-03 3.352844857299655534e-03 7.651748431453895063e-03 2.934538237013745859e-03 3.466981444769067118e-03 5.665371578990656409e-03 2.130798866332254352e-03 3.046856818624633055e-03 4.959687113954627802e-03 2.518447192540726898e-03
1.380652695228625111e-02 8.445999516194875947e-03 2.019251093599816818e-02 1.058838604933989153e-02 1.694009704530237545e-03 8.399580029651411775e-03 6.784302378442935710e-03 6.072675200915457483e-03 3.635398222010192536e-03 1.427059575264563555e-02
5.228966032123584431e-04 3.881457000584447037e-03 3.746353463764263980e-03 5.135745042528267953e-03 2.029906298409373758e-03 6.187897144487513462e-03 1.090550352458123911e-03 4.259186952920406520e-03 2.269487087406264238e-03 2.404369656768086914e-03
5.606458963955345161e-03 2.155750891474563554e-03 1.495408247960355874e-02 4.101830572758208976e-02 2.798277296870046831e-03 1.140770962138428326e-03 8.807332202883029135e-03 2.704654341155311378e-03 2.929771519117732159e-03 1.366953675409501162e-02
1.323605222888674798e-03 1.406532969285990715e-03 4.647763181848590074e-03 8.268147514218860197e-03 1.432592542342375330e-03 2.892585461237002619e-03 1.652764571605899475e-03 7.455971558875193342e-04 1.633634425101744298e-03 3.993954168241272557e-03
2.963247426382282471e-05 1.357354086904479396e-04 8.806673274404402301e-05 1.047596375793742834e-04 8.520981327800658859e-05 8.174110989614546290e-05 4.597283171113998156e-05 nan 1.411185727824918737e-04 2.539288583173718739e-04
3.730845358350959144e-03 8.760562328252370114e-04 3.837084126744370362e-03 5.950433205745680673e-03 1.522430589651510525e-03 1.133783961312830957e-03 2.295230987580625017e-03 2.076931354427543480e-03 2.070170337520929691e-03 3.669985846733122160e-03
3.993452554627792243e-03 1.823046390096093317e-02 1.650877591623916771e-02 8.491720036878269012e-03 2.464415931082857350e-02 6.814223796697939720e-03 4.610217270149948206e-03 4.206940275868840950e-03 4.129810878444047789e-03 1.421424885530205712e-03
3.708638592427552540e-03 1.461657811675184417e-02 1.584801935183028157e-02 1.910480925415218405e-03 1.404695031203505307e-02 1.932559199573437563e-03 5.319290155208410316e-03 4.510828940845339717e-03 3.672573170567175124e-03 4.647667846822202062e-03
9.790301122035846224e-03 2.231226198164694419e-02 4.142215365414431139e-02 2.685945185453137134e-03 2.933277731074464961e-02 1.144625986691200081e-02 8.529131333524181055e-03 1.713038265520871670e-02 1.476411159556562450e-02 1.050080014234108967e-02
4.549141747107941737e-04 7.812726345658922364e-03 8.218948239431400279e-03 2.690710662767867734e-03 6.557219653098502778e-03 1.419268354638345605e-03 3.114799117729398405e-04 5.513328806239086409e-03 1.719057225045779718e-03 5.419949968994507324e-03
1.548458087549353136e-02 2.134416249840201049e-02 4.459376154065239350e-02 1.742533132301614385e-02 4.247349515071301845e-02 1.204571521742726740e-02 3.838733803185224482e-03 3.382280450477682943e-02 6.055057050657814723e-03 1.024432615220598197e-02
1.190831552545597869e-03 5.688242366657709007e-03 7.017136007299664552e-03 1.857145965279399531e-03 3.963477626635741533e-03 7.108668500625217775e-04 1.330879282603998452e-03 6.357635351707165714e-04 2.875340937933501908e-04 3.673690267321228376e-03
2.354112987934195512e-05 8.971069283457247555e-05 1.992135545568600734e-04 1.581498511172595492e-04 4.070304823206895295e-05 7.319990388456164168e-05 1.767730944942287358e-05 nan 1.496126281681546761e-04 6.167766986196103821e-05
1.004678995420562335e-03 2.466967331449597834e-03 2.966869737607188452e-03 5.099113278100677639e-03 3.895900145714223557e-03 1.030009318103545374e-03 9.095314515373749712e-04 5.056462246077045091e-04 1.478821384802192452e-03 1.184292333039933722e-03
1.110984502664598764e-02 1.694018651950594118e-02 1.141313383030351236e-02 2.077406188900121284e-02 2.159893908259508111e-02 1.318241711900481825e-02 3.734029886714885366e-04 2.153775708957143126e-02 1.861305263591160608e-02 1.889325184534345475e-02
1.358465346050345170e-02 3.331030389644941327e-03 1.544392155018907420e-02 6.797953338457240341e-03 1.580949578002486394e-02 6.036637825383182887e-03 3.609309839617546277e-03 1.299315732027009167e-02 6.498088576799291444e-03 1.375028312406071642e-03
1.000875330285831179e-02 4.849879158558887782e-04 3.944408870422682657e-03 3.202404261297491297e-03 6.075545788919000344e-03 2.250280393415511962e-02 1.400618435473065942e-02 3.500595056513711167e-02 1.480630821950006896e-03 3.468303047536052839e-04
5.307423666163108532e-03 1.513615806816611623e-03 5.632613633635681107e-03 4.354382539149385251e-03 4.202015432876199212e-03 1.027736600977179407e-02 3.350967575555585665e-03 1.300630724379857502e-02 9.456608376370109368e-04 1.714666532871977119e-03
1.990689415534792686e-02 2.233003969397263574e-02 4.318829925918218904e-02 1.461987394026627307e-02 2.901325103073864459e-02 5.644947314117607778e-03 4.350423816436393282e-03 3.384628062167450990e-02 6.185560318453597363e-03 3.036222302245249541e-02
2.771923770615347497e-03 3.677449326754025482e-03 9.947279099195309796e-03 5.718034857633470629e-03 2.265058636630957935e-03 3.004433738859156947e-03 5.982448982128641887e-03 8.191401690687619142e-03 7.501807517168223921e-04 4.189033606598275075e-03
0.000000000000000000e+00 0.000000000000000000e+00 nan 1.657751683314627122e-05 nan 2.243044994602880687e-05 0.000000000000000000e+00 nan 4.325141775089448121e-05 nan
4.669421936495662256e-03 3.533590764515112215e-04 6.623907965601295161e-03 9.509826331587241041e-03 4.039968938262806543e-03 2.762985143805778837e-03 1.383715081456808301e-03 1.014587832012714755e-02 2.395956312219424227e-03 1.545451904222294249e-03
1.439006544637215154e-02 2.318581960391184749e-02 2.404100484162341803e-02 7.153979515220011166e-03 3.034368051288206455e-02 2.287778961786512619e-02 1.699075393357679306e-02 4.161470507158961801e-02 2.976421138170454866e-02 4.773900079558052179e-03
2.560025297152906942e-03 7.493635869243083121e-03 1.857995531537698364e-02 8.732109669440152669e-03 1.224704730540801013e-02 5.345400999143897110e-03 7.382605128700319916e-03 1.498867398727804501e-02 1.243216305540840658e-02 6.382121025295367078e-04
2.852062858119205294e-03 2.021243015925396676e-03 1.924316813408511254e-02 2.019154095431818091e-02 9.220079871862588150e-03 1.792328975723231008e-02 2.241904433824368215e-03 2.137552291621862624e-02 5.962077751088493138e-03 7.637721733897834091e-03
7.774480657126625529e-04 5.341117665803318988e-03 1.009598163997836931e-02 9.618129913486808333e-03 3.113767751325985725e-03 8.562096456448516080e-03 1.915591233250245849e-03 9.716197146665894041e-03 3.795628254075856384e-03 3.425229550311378619e-03
2.384523291435118597e-03 8.522650003682984143e-03 2.096948415557022688e-02 3.290824652396993899e-02 1.329736021577133248e-02 4.399913474373792939e-03 4.821420470684564114e-03 2.108653463091800934e-02 3.331267871054083198e-03 7.156179553223832555e-03
3.181446676469341147e-03 3.532969202598035957e-03 6.082148576991740739e-03 7.954754014522417635e-03 9.992063751205487385e-03 6.727285136252359604e-03 1.239044811825693168e-03 8.185923408760413869e-03 7.798833907776372108e-03 2.574922369857159977e-03
1.539763578266403250e-05 1.743263431251821955e-05 nan 3.907582520463490441e-05 nan 1.992121244691461812e-05 6.938560227826159280e-06 nan 8.869350131142979959e-05 2.131395021404520828e-05
3.365166520607022500e-03 3.271691530417686084e-03 7.718555299775344512e-03 6.449511892001524513e-03 5.782828522506747344e-03 4.801594088653777202e-03 2.272029358399507617e-03 8.542491830132779504e-03 3.714141802948494817e-03 6.648398277618892092e-03
5.552410098856032546e-03 7.170392810798450339e-03 5.102769594154324753e-03 6.534386888660257027e-03 5.680262538814405578e-03 3.287015322337671214e-03 8.171590089449979818e-03 1.503636389011419466e-02 1.697591494777804175e-02 6.584170175699248853e-03
2.603091365006196360e-03 3.793356327004969875e-03 3.229619326747308443e-03 5.413427861345974750e-03 3.503042149454470983e-03 1.527705835183063411e-03 9.375807482875137986e-04 1.158873190178919856e-03 5.658415759732557219e-03 1.705556137589479306e-03
4.211906076238852541e-03 2.298755176276682036e-03 2.643564972496023624e-02 3.127632423357531305e-02 1.581957197289485945e-02 2.238090350779477558e-02 5.416137289460979179e-03 3.174086388375621515e-02 9.431827548295333014e-03 1.215095844222909005e-02
5.228551464135144065e-03 7.875888729099528307e-03 1.595185778870570475e-02 2.747333280122788053e-03 1.093612442547436427e-02 1.422581437056780976e-03 3.284859555279592488e-03 1.236252334531422539e-02 3.082483500560808092e-03 3.089251412631385980e-03
1.074201582299801928e-02 6.116986027468433382e-03 8.583517734031658949e-03 5.162192883042629812e-03 9.388384922250718120e-03 1.020550687844592325e-02 1.777492608490272366e-03 4.945277707606743692e-03 7.843969939432499788e-03 1.305124005733266333e-02
1.059571475686917411e-03 3.033332091862635683e-03 1.331271185191031797e-02 3.314356709229345464e-03 5.560573462753465833e-03 4.943651733964626351e-03 3.127945276966523965e-03 5.138093801302549314e-03 1.055925807733029166e-02 2.808801639765478100e-03
7.665161592608985680e-05 2.368216690449467172e-05 6.969719084072148799e-05 1.214647197425651362e-04 0.000000000000000000e+00 4.625302552415338733e-05 2.313217405422495008e-04 nan 2.930175599222190400e-05 1.099924237389963381e-04
1.856303752442273105e-03 3.677299959207676588e-03 4.620847808505225418e-03 6.467857523169629613e-03 1.375936534372662135e-03 7.567180741251408951e-03 4.500367391709208381e-03 5.603216959470368012e-03 3.163354088787668356e-03 4.996886340880206737e-03
2.463824608338215094e-02 2.415791080296690336e-03 1.174585678881294795e-02 1.028850340661221011e-02 8.574682590102831320e-03 1.774041812590250802e-02 2.531921255097610915e-03 2.958045978395545603e-02 7.531622082010670793e-03 1.317898985005624447e-02
2.623461732859855376e-03 9.062487584303946736e-04 2.713314086274004090e-03 4.079078482026866209e-03 3.104922242166945762e-03 3.367077448269927258e-03 2.445294707196353761e-03 3.505882045260729721e-03 2.478741846546121848e-03 9.694389537114093958e-03
1.250815247155444721e-03 3.202988889086997529e-03 3.953215618833458810e-03 9.153032802076781910e-03 4.631286600779992678e-03 3.813201284907980024e-03 1.450417746924893749e-03 1.075402774601289836e-02 5.167920324741645359e-03 5.566266631258353151e-03
6.140371933017565488e-04 1.523299602074391522e-03 1.539404122775925353e-03 6.878366369910113298e-03 9.978764300283518747e-04 3.984503503762576275e-03 6.596058054071794914e-04 3.205896746013680264e-03 1.304814915480910758e-03 2.534357743921469668e-03
5.277916206289887634e-03 8.652888749561389592e-03 1.958639146142095687e-03 6.823911161407705990e-03 9.263918877108708039e-03 6.182046907781296383e-03 4.460531900529882653e-03 2.917305646172136877e-03 3.618498045258776701e-03 8.196059623566396765e-03
5.177625190936046423e-03 3.551611380657569792e-03 2.905434566198791552e-03 6.931331471536217835e-03 5.220565909572261187e-03 2.576209514401458373e-03 2.074641869180606293e-03 4.630427606047759180e-03 2.108775935490548540e-03 4.751023350079482815e-03
1.328355623689740726e-04 1.706205268776745895e-04 2.085807873528228986e-04 6.340977135624626683e-05 7.557629555853567663e-05 3.330562971133253070e-05 1.079750486343393083e-04 2.037962398728089650e-04 6.959548289584676359e-05 1.354672200599971166e-04
6.487868175937268160e-04 1.611000221930734225e-03 4.096293950151215502e-03 5.359311001940471504e-03 9.279155685036344359e-04 4.955584952556907341e-03 2.085913394946177762e-03 4.294564532053407255e-03 2.493985196630016735e-03 3.730493239211141003e-03
nan nan nan nan nan nan nan nan nan nan
3.556323193130561796e-04 7.498994802649074846e-05 2.670334638110187422e-04 1.816223695848525395e-04 5.294261639823077091e-04 3.345676667006849177e-04 6.566550477983729194e-04 1.257055137873778995e-03 3.121028149331336442e-04 5.469007736484393775e-04
9.830792071329129921e-05 1.142367380490052478e-04 1.319686086072122556e-03 8.783100791526183638e-04 3.048420052094061414e-04 3.668800874194053032e-04 3.734940870868863529e-04 6.996134832062711906e-04 1.099346892803244706e-03 5.995490906704624597e-04
1.751584228768398362e-03 4.171300139705649140e-03 8.013467828873606716e-03 1.831540378604790131e-02 1.029851122883537924e-02 8.786010258327099642e-03 4.179798396223099663e-03 1.668749464055815446e-03 1.554615899833156848e-03 4.022042454264748192e-03
4.851605542740981651e-03 2.883351076925019883e-03 1.144247251780171164e-02 3.819263520003439438e-03 9.897070547491952381e-04 1.733721615295154804e-03 1.203977612318396029e-03 4.202404754471752296e-03 4.539085464184780885e-03 1.195794941185361615e-02
3.784541704455276112e-04 5.154006367468573404e-04 3.052064043320827126e-04 6.595054491161954141e-04 4.187766584276019269e-04 2.280912356079126645e-04 2.890426194318799634e-04 8.834334541698198994e-04 6.266750965059101827e-04 4.125047069702600096e-04
3.098449640985667403e-03 6.119459737036609531e-03 8.584211202554354811e-03 5.147520122092605170e-03 1.401512228368673087e-03 7.412812911181061552e-03 1.916719062109394122e-03 1.328429243409736532e-02 2.293542986031585785e-03 1.310002938137374943e-02
6.086222694847747338e-04 1.061473963679174931e-03 5.415879672467480317e-04 1.071769788903550102e-03 5.723569853601798369e-04 1.159886268530364124e-03 2.931168136563960607e-04 1.331275441746371507e-03 1.615237847487019525e-04 4.644171485084670889e-04
2.546764909707855198e-02 9.531927867393286471e-03 2.231687707789562630e-02 1.314552687811029047e-02 2.492863379437079696e-02 2.048340327972558023e-02 1.050511717545255831e-02 2.783452718824534766e-02 1.368740787907676490e-02 1.080903296255768774e-02
7.892371371358095772e-03 2.222932228661332870e-03 7.951408278144670577e-03 3.621085124555157003e-03 8.214624490378795094e-03 8.488717281400510323e-03 1.206728922394938869e-03 1.154450856970185534e-02 3.635684341415647194e-03 2.514200682589287032e-03
1.497280175825627460e-02 1.191922101437871244e-02 1.212571809609048340e-02 1.178417419497396375e-02 1.286199785285052112e-02 1.547381280526543765e-02 2.814766915241015584e-03 1.704839760517867786e-02 2.407104237492154169e-03 1.693325633677965347e-02
5.528132128412230339e-03 5.931178476639632768e-03 1.866819912600973770e-03 1.072784482469535568e-02 1.932128436834610989e-03 8.329010579997245950e-03 3.021558928672821512e-03 9.089290346482911676e-03 3.705749708764779875e-03 1.042276448055278783e-02
1.185202390196902003e-02 9.856847581723043178e-03 1.155447750960194794e-02 1.242058393139437895e-02 1.586869980273235975e-02 6.375248066322900323e-03 1.048104142013596418e-02 8.839439286862824444e-03 1.971145098072069057e-02 1.550202696432974314e-02
8.835697670345959293e-03 1.731352709286912211e-03 8.627375805641419523e-03 3.331471193633151091e-03 4.547645564985826686e-03 1.309971444056050489e-02 1.654868835779798762e-03 3.739723981948786091e-03 4.199321949716286299e-03 7.776674878996898618e-03
2.781422203928948463e-04 5.262482393332034228e-04 2.236671361017498636e-04 3.210056517492328372e-04 1.259402476460271154e-04 1.231688110451825083e-04 4.702261778950851987e-05 3.619696064771844943e-03 8.483984063958370579e-05 6.271492562426217617e-04
2.392802618486755163e-03 2.693954754582660819e-03 6.100224457632900769e-03 2.892480239423842522e-03 3.403610018670296701e-03 6.041206482559960227e-03 3.251326454826842551e-03 6.896061962235279508e-03 1.839237121420332632e-03 3.360492527690496847e-03
9.764258706328894297e-03 1.111757701862264511e-02 1.876277862198084609e-02 1.468577095197678289e-02 1.446015233650502219e-02 8.194928737183151957e-03 1.278730879813059357e-02 4.189823875838170203e-02 3.542419273602534502e-03 1.337507784465549743e-02
2.197283709656504963e-02 1.701674405489632391e-02 2.836455296201605830e-02 1.253661898352835709e-02 2.750893893145951730e-02 7.789758421580871700e-03 9.400288679218837123e-03 3.875411067876603083e-02 1.016128826566737448e-02 3.831781011241200494e-03
3.521910741607332807e-02 6.029444211834044569e-04 1.326707711657024343e-02 2.383135306098528583e-02 2.566659481737660481e-02 2.546615134453711696e-02 4.308419994757602643e-03 7.347708818546323795e-02 6.765304780835978103e-03 2.222460677293920054e-03
1.561478105083545509e-02 3.788725600484120059e-03 3.254024895994401829e-03 1.880963339904618377e-03 2.086753397904806545e-02 1.162847354954563844e-02 7.798131721267699892e-03 1.965809813990445146e-02 2.235974810296437101e-03 5.754771811445461710e-03
9.268962931933459604e-03 7.278126464224487190e-03 3.770695732763295043e-03 1.138591225205962294e-02 1.504381590816237027e-02 1.182122848775963783e-02 5.419403866715869801e-03 3.424651408355075533e-02 1.689559831647259244e-02 4.615664801899435100e-03
1.921954816789095757e-02 5.393836294953889381e-03 6.077590233116902420e-03 1.924249326310366369e-03 1.345679442515388020e-02 1.231821531525428663e-02 5.737949407671649911e-03 2.652200253061613722e-02 2.954203341397496508e-03 8.616184681655415095e-03
4.899980465149159222e-05 1.487725869641331729e-05 nan nan nan 1.021680335919584436e-05 0.000000000000000000e+00 nan 2.368216690449467172e-05 nan
7.638427100032133335e-03 8.478719682918188158e-03 4.881078243507149840e-03 3.372144226905856614e-03 7.757483757273857250e-03 4.614290059596608089e-03 3.099623014514545950e-03 1.692770620347801985e-02 5.383110217062840770e-03 5.395420440135662021e-03
2.592035990520846420e-02 1.607443256048666017e-02 4.993264412710103628e-02 5.985943071676701893e-02 2.797935544831583327e-02 1.863313676745486508e-02 8.117684169549638229e-03 6.878597749957489349e-02 3.684266618186976278e-03 2.488524001125062054e-03
9.030649235045954890e-03 8.756869919478639519e-03 2.948685711922906585e-02 3.989279760459667895e-02 1.389933096325824367e-02 6.122255120816535653e-03 9.259487547773141355e-03 2.938289582077685883e-02 1.131302201245277216e-02 4.277590094125976496e-03
4.268551074109188520e-02 1.458252371822979683e-03 3.960549841025551299e-02 3.927617047397752303e-02 4.648308323641325845e-02 5.627516458097756719e-03 1.775552500865835645e-02 7.121068491426360558e-02 9.726771698043003983e-03 2.257566360740810227e-02
8.428548756299612463e-03 1.636440233265151842e-03 1.487543693496181513e-02 1.930721821410659803e-02 1.252349230998903856e-02 5.322152643416126067e-03 9.342602873616023471e-03 1.914744085867491064e-02 1.224870229342369353e-02 5.659295728508781029e-03
4.315322534680432476e-02 5.873396802633898059e-03 3.324721439949065993e-02 2.502939453352893973e-02 6.526277479828876404e-02 2.186179899009325911e-02 1.044709279838267404e-02 9.152592006462076379e-02 4.292658637618576405e-03 1.886025915613399537e-02
2.060749522714393558e-02 2.722054732944781917e-03 1.603699520551288976e-02 1.670872361156521685e-02 9.082759114394631933e-03 4.378588446612159679e-03 1.542535775097326860e-02 2.005979256849668366e-02 3.868038554521546595e-03 1.127138705624135956e-02
0.000000000000000000e+00 nan 1.069247625572736140e-04 nan nan 4.033347844053267010e-05 0.000000000000000000e+00 nan 3.665549940155126156e-05 nan
1.077642781803834701e-02 4.987999596137534207e-03 1.573769802102566173e-02 1.159974185843722777e-02 1.253292305073629327e-02 2.748708107072099331e-03 2.314985447614066778e-03 6.599434580558359575e-03 1.198776924937477008e-03 6.123554882099821808e-03
9.798240773688279837e-03 1.303971266167074181e-03 1.888702386183402230e-03 1.638926384519549806e-02 1.680101463812797664e-03 5.954890655454006185e-03 2.336832769673322097e-03 2.395427288362568866e-02 4.215796670673409990e-03 4.390405730323436277e-03
1.132903118185666150e-02 6.667321108368775250e-03 7.029955861945423080e-03 1.548928501847841345e-02 4.767737362586090683e-03 2.989421586525682975e-03 1.145433858002969062e-02 2.609316170075299396e-02 2.167574763367779381e-03 3.131355314195671379e-03
2.712611116486865134e-02 4.497548275776190596e-03 1.281717571687674209e-02 3.398298219823525645e-02 7.108479742518181502e-03 2.794734004278394066e-02 5.406829732168764134e-03 6.788130473081345484e-02 3.954510300780971800e-03 4.349980203860449174e-03
8.044532262849278872e-03 2.029076321209207986e-03 8.825972922337294718e-03 8.303849846828047221e-03 1.056986164971565481e-03 3.414268677147345391e-03 6.695916006955101099e-03 1.658341542109470837e-02 1.705647506860725072e-03 1.560093387908920290e-03
1.518861453019666047e-02 8.190927913637593288e-03 3.107350263523542874e-03 6.736318265068903278e-03 6.019066993818177058e-03 3.622266144773545436e-03 6.092335268408084759e-03 6.650043331100673194e-02 1.304502544664252507e-02 6.423890156764373860e-03
1.407328356375845552e-02 6.072022470685172965e-03 1.916564049538804207e-03 1.039148125606056960e-02 1.506336788086205499e-03 3.646781829921993956e-03 2.039843761374110411e-03 2.442885768099364169e-02 7.816503816588656756e-03 1.390130317099873541e-03
2.762919472191044978e-05 nan nan nan nan 0.000000000000000000e+00 0.000000000000000000e+00 nan 5.279848043685109448e-05 nan
2.050935719444125192e-03 2.990364819221776917e-03 3.155845034605879364e-03 7.361446682045295030e-03 4.341851648786270237e-03 1.419212879627259911e-03 2.869028769279062356e-03 1.144660572120854806e-02 3.167148832792889175e-03 9.477187952826375507e-04
2.072811925642139425e-02 2.117813063917308586e-03 3.045977457387885959e-02 3.915457082143260908e-02 3.334880992559034057e-02 8.007395553578607050e-03 9.047775413316931983e-03 7.193730582620508351e-02 9.049712794502036764e-03 8.167045750264313730e-03
6.126526996507026396e-03 1.559072082529836499e-02 2.927089353157131396e-02 3.085498462921982751e-02 1.262541903740842589e-02 1.763609544092016417e-03 1.113532341236117204e-02 2.557769513359971561e-02 1.495844650808894442e-02 5.553432353709887408e-03
4.063411964409600896e-02 6.072081217420487002e-03 3.285197436328406162e-02 5.004995945893842696e-02 7.229726772161779169e-02 1.225124660548558737e-02 1.369629245646976703e-02 8.656425458593140776e-02 8.580813017147326596e-03 1.578366075407767327e-02
8.539557137421261573e-03 4.336345264736563530e-03 2.025445025752921693e-02 2.508776068122865049e-02 1.224182116803577622e-02 9.021819486460608273e-03 1.047509453631492726e-02 2.562636768528064879e-02 3.249279499890865130e-03 4.088903450127942367e-04
nan nan nan nan nan nan nan nan nan nan
1.556807134878967352e-02 6.390568947815246544e-03 2.367967121118468021e-02 1.777794891982939843e-02 1.111553966809613984e-02 1.068354669978448246e-03 1.707879055312150687e-02 2.858777378263542557e-02 7.940069313078230995e-03 6.604215042319035514e-03
3.416683948219242277e-04 5.716873657988571101e-04 1.822734301419764481e-04 6.137111294633948964e-03 1.684400651502975443e-04 2.107471802969040735e-03 4.917677990208992999e-04 nan 6.950840658362268524e-05 7.763831859075539556e-04
7.604012420220737818e-03 7.392107086945191689e-03 1.312234171030595038e-02 1.431905647971553827e-02 1.427117418691063386e-02 3.908307263761517589e-03 6.241548053255743973e-03 9.298491886016954991e-03 7.323868140112158726e-03 3.483552579627781105e-03
1.226149823999688848e-04 3.058828378663173931e-04 3.412174967108611858e-04 2.025550966543779026e-04 9.723167050389068197e-05 3.754255183143376078e-04 3.166933804667081045e-04 1.132370922515376401e-04 1.923431966841061065e-04 1.460947096650187945e-04
6.331035960366728031e-04 6.783236732451371469e-04 8.439652393513732628e-04 4.786410453477100979e-04 7.079302664200167513e-04 9.420923396289738756e-04 8.610101387465274488e-04 7.785860809678079274e-04 5.541302863134190543e-04 5.864251690776291865e-04
5.350036947079821539e-04 2.167597727552760174e-04 1.436365231135037319e-04 5.579314987730515148e-04 1.454361628789423025e-04 5.857202939883685575e-04 2.112102898835229261e-04 3.005252785400150547e-04 2.656251080717931244e-04 5.279296741361005733e-04
4.905821601268167947e-04 9.545090325555222752e-04 7.283086373918761436e-04 2.396254665601701202e-04 3.474359230440370884e-04 5.664831539278674180e-04 6.920746869354472064e-04 1.469102701833251091e-04 8.757781589935406804e-04 3.114693561463843926e-04
3.706435168700611101e-04 9.723412201493530319e-05 2.607472922904346697e-04 2.818064248727491844e-04 1.216708518151810053e-04 3.471367551396771934e-04 1.093640819860993438e-03 9.896405329724350299e-04 1.046985623121425828e-03 8.490333369751189383e-05
5.864005397550138467e-04 2.136687669716112227e-04 8.177170705846480755e-04 8.232700236169739061e-04 4.589498873279235940e-04 2.092246065160968552e-04 3.322949192687762402e-04 3.819686276276934144e-04 2.201006204558353201e-04 3.996946790288613766e-04
1.743468440611192034e-04 9.258346860970551452e-05 1.473479066730577151e-04 9.734488552555270111e-05 1.289562691442757987e-04 1.064741525570984617e-04 1.130470434692848567e-04 4.243559957394849643e-04 3.078781060384963792e-04 3.890874021363165255e-04
6.167373697342552709e-04 5.421673482358384689e-04 5.347639035810209350e-04 8.058223008860008856e-04 2.601594529972339493e-04 1.354967307919361123e-03 3.192429213558911215e-04 7.418882407381870983e-04 7.203667599774076728e-04 3.742316526128628817e-04
1.090205158548240155e-02 3.550693891384433445e-03 2.315295093049003165e-03 1.850046100387500768e-03 3.106164314925835904e-02 3.035456412315347061e-02 2.815853402355838857e-03 2.539784100492811086e-02 5.284227091991991997e-03 2.476236640334699042e-03
2.277292585793203733e-02 1.584642637774921238e-03 3.113286744021886900e-03 1.049822409802203017e-02 2.672439690720559979e-02 3.723548153075969397e-02 4.989906302655755174e-03 2.792210249602090910e-02 1.154614683174316238e-02 1.156100675994425724e-02
1.290061672605624481e-02 9.662577481288627326e-03 5.459899589414121505e-03 3.081607682038065878e-03 1.696327376025954028e-02 2.633913621537288183e-02 3.092165720327512933e-03 6.027328243068465208e-02 7.789564064815153585e-04 7.840195085516475301e-03
4.269403246903009930e-03 3.341443240663176818e-03 2.505947053940946450e-03 3.586963853513001031e-03 9.281935153987019155e-03 1.446584214285270842e-02 1.164497594909743011e-03 1.674328209951247981e-02 3.068254497227075779e-03 5.814445203233294460e-03
1.212790189744537492e-02 4.563300823805831012e-03 1.450995709387664125e-02 2.457246729761328793e-03 1.981862430510987830e-02 2.415613234306781491e-03 1.291089025894162114e-02 3.309949934776030417e-02 3.715053440814313716e-03 4.782239429800551681e-03
4.184371580133640876e-03 1.950077740593601783e-03 1.476819004114814961e-02 4.475404061397592406e-03 8.174220321342802464e-03 7.289513260493172241e-03 6.451795905470028569e-03 1.796168987331428143e-02 3.648904387098334846e-03 3.255187096526385507e-03
0.000000000000000000e+00 6.553241224869899950e-05 nan nan nan 9.782921068987586617e-05 0.000000000000000000e+00 nan 4.861114165139892955e-05 nan
9.822742179568712956e-03 4.125510757412567328e-03 4.293595096308150567e-03 6.184829055540097889e-03 7.509495368563228260e-03 3.839195162501354060e-03 6.829554265357902151e-03 5.736365012206347258e-03 1.789572636243452145e-03 3.991772728983153558e-03
1.182154256724255760e-02 7.845209423884164437e-03 6.350651966011490110e-03 1.018040938438286198e-02 3.365391994005605125e-02 7.828825627884705360e-03 3.164373043305312733e-03 7.834618952847677287e-02 8.821413025820632262e-03 1.176203994525769174e-02
1.546167336173613800e-02 1.550123647927782213e-03 1.557494377234019782e-02 5.132944161549777423e-04 2.485973946068468013e-02 9.421703334960587067e-03 3.419339914613845569e-03 3.486955906767351399e-02 7.886775637146696896e-03 2.126251364360236262e-02
1.463512791935140007e-02 4.754215195625708344e-03 1.291606667580390755e-03 1.488759019170391752e-02 2.514131087767606729e-02 3.151341749798177577e-02 1.283477001644977439e-02 7.878161839806553657e-02 1.034041045111772257e-02 1.260091685231734017e-02
1.907175195156564015e-02 7.061906971043419023e-03 9.079758913646526763e-03 9.807215526891639029e-03 1.498198273651527718e-02 4.379181837386375738e-03 6.677369899520438877e-03 3.167805677917703844e-02 1.703684904015514154e-03 5.516448817039654000e-03
1.198461979127194918e-02 3.301480670684296594e-03 7.349949854964035051e-03 1.183465876997443454e-02 1.028172642666195027e-02 5.234480696427245422e-03 6.793578906751843519e-03 5.437719839488919932e-02 1.125479176239822972e-02 3.712885734223948537e-03
1.054394180989525615e-02 1.421120508977539477e-03 2.945255990997722173e-03 1.471809331217699759e-02 1.308705283662974818e-02 1.306123381162048458e-02 1.950373700247211815e-03 3.129634560605457777e-02 2.610729623512954376e-03 9.514169114597681443e-03
9.441930030316616910e-05 5.288337001312951263e-05 2.281324161795637157e-04 4.144379208286567637e-05 nan 1.680070958596343233e-04 1.657751683314627122e-05 nan 4.202138626004359281e-05 1.376475990966193920e-04
1.271412399122018137e-02 3.775216181295967463e-03 6.679133935068090090e-03 7.377727244584811328e-03 1.281732053947540195e-02 4.192190158111863164e-03 6.238094886453182360e-04 2.072427455487675305e-02 2.369232929910864219e-03 6.968212609961851531e-03
2.441719557397687562e-02 6.682692201464413354e-03 4.246319518376147351e-02 2.432484520374154219e-02 2.417506892660383801e-03 3.762541829050791709e-02 2.287605986571913594e-02 1.695296076147796704e-02 1.882557320625443883e-02 7.873997595001187844e-03
5.809952791825305149e-03 2.359507303305339448e-03 1.426450699785466840e-02 8.878214435832330886e-03 3.815408563185373070e-03 9.755097264499029350e-03 4.858367707328854930e-03 6.402952083426188649e-03 7.175320526630374514e-03 2.034878077432866923e-03
5.640234308515590725e-03 1.439759333374729389e-03 5.847293871646232558e-03 1.417491326349967079e-02 4.853495124458902590e-03 8.257689813078084376e-03 9.495121082394756412e-03 8.190231782571210165e-03 4.446504871737404913e-03 6.260337892613656967e-03
2.772824705891395805e-03 3.055302927759000458e-03 7.252829345014490635e-03 6.093154480602847381e-03 1.594895655315899672e-03 4.593379220610554863e-03 2.987368616351672185e-03 8.114592558940605938e-03 4.120268692413235970e-03 3.499346980037124771e-03
2.162380071015213012e-03 4.955900370484878081e-03 7.531997954825540159e-03 4.092676618494393674e-03 1.127389296485063232e-02 1.619523278395797877e-02 1.187248619365241162e-02 4.375496834852799291e-03 2.580257874623819846e-03 8.237969366589209877e-03
4.255193112125141633e-03 3.750392455425907018e-03 3.729904304277956596e-03 1.205551967352097228e-02 1.256045805280865332e-03 2.783416986457095624e-03 3.175779388388240507e-03 2.523129576546221178e-03 1.320920827795371262e-03 5.680591778506207876e-03
1.862459120324195741e-05 5.314705400489879025e-05 4.239846814083493131e-05 4.099804110277145783e-05 9.511054585809555664e-05 2.641432370055259041e-05 3.603626113302472783e-05 nan 2.573037697720491758e-05 3.636510441078839357e-05
2.176737629741482688e-03 3.578434746112071994e-03 6.144785045996589180e-03 3.301327124804820726e-03 3.654865924061207957e-03 4.750374737713401567e-03 3.498879923331702640e-03 6.823219881147625510e-03 2.607645010064973609e-03 4.102174694573502110e-03
2.122923562592176489e-03 6.096820351658975567e-03 2.151132151002543152e-02 1.343655119836671512e-02 8.732078436508167174e-03 2.339548573327719823e-03 7.464277415793303498e-03 3.339979923455894083e-03 1.049256002341343932e-02 1.138231324687487278e-02
2.806130971963966773e-03 4.829180927356956608e-03 6.312537177993825417e-03 4.792877788846693771e-03 6.350092983772052425e-03 2.802929285790875785e-03 5.844220981825596533e-04 2.228988254039894912e-03 5.759878831117397520e-03 1.738290203400127661e-03
3.023387378923792727e-03 2.260629055554590552e-03 4.601937590177364833e-03 1.365975608594683678e-02 1.027682715681992910e-02 2.042015610433951453e-02 2.792874858265534908e-03 8.022953035490618459e-03 5.123481892349257029e-03 1.907097892479046181e-02
4.186846660006600732e-03 1.868273738734203739e-03 8.656162954214238021e-04 5.811340126032613941e-03 2.067656964071724543e-03 4.774486646060137340e-03 1.897002314342690395e-03 2.069359320448470058e-03 1.688771826305897556e-03 5.463257643609342046e-03
1.299410818040689850e-02 1.169291086426631557e-02 7.762841196683163171e-03 9.393846156734842953e-03 1.444601638674705181e-02 5.595114661060332333e-03 2.018211093198708957e-03 9.709141560129426474e-03 5.102761731904914555e-02 3.133423523061383033e-03
1.438281472202642894e-03 8.380444100293088852e-03 3.659088732753296852e-03 6.951309661852807069e-03 2.067126812434080373e-03 2.800059718717758193e-03 3.744353750511571904e-03 2.156164008345656542e-03 1.334062420754371890e-03 8.887994438424536882e-04
8.885435126399701536e-05 4.923429262221271226e-05 5.783311261185096274e-05 1.478586399561876040e-04 2.337577736848380568e-04 2.173481402772491468e-04 8.499138122474107890e-05 4.386015107046984177e-04 1.771786804219135860e-04 3.108808673775854785e-05
6.702729785318714941e-04 2.713906194336936171e-03 4.194542960488522806e-03 4.404331403102649395e-03 5.215981448914349013e-03 2.720292126487776439e-03 3.289684044058229038e-03 4.980323078037137557e-03 3.891453499257933944e-04 2.915101864270290121e-03
3.091656986751870669e-03 4.310649420300964769e-03 3.720401991604463388e-02 1.802597368750312457e-02 2.622654789850148438e-02 3.676904764598116528e-03 2.265165059415316824e-03 2.100874740609498526e-02 3.655136359074091009e-03 1.359429789339484940e-03
3.385155945340376227e-03 5.057480520389318057e-03 2.101433589469144797e-02 3.610077743043705288e-03 1.377705420791072374e-02 4.986577545473813537e-03 2.940388213852197612e-03 1.187718999575386805e-02 1.508463122656807272e-03 5.660253615857425459e-03
1.460390858967297936e-02 2.547397612236929759e-02 6.373908855169329625e-03 1.311273564030361258e-02 1.776360369473486359e-03 2.738319112906517638e-02 8.290812185347105770e-04 2.012127248681052152e-02 8.819009388346394154e-03 5.733892891409096693e-03
2.772361195333620035e-03 1.175249121505001762e-03 8.070990608543224601e-03 3.644088078301520404e-03 2.839091680111716261e-03 5.543716875347205059e-03 1.566357247055323674e-03 1.344010635935278045e-02 1.433818607110512802e-03 3.041003950630083354e-03
5.037180468346747278e-03 4.190033053615194007e-03 1.161366258489017478e-02 2.448615093156061850e-02 6.643878506087162392e-03 2.700875603496247918e-02 3.365920750487987403e-03 8.913402433871470826e-03 1.483826027731903127e-02 2.918115769927995262e-03
2.471982104661845335e-03 3.935935456015246178e-03 7.305236827651182506e-03 7.756304090079733926e-03 1.382176076708190732e-03 1.505479913120277152e-02 2.365691111660029374e-03 6.612635337230052431e-03 2.103963862198016902e-03 3.023243256332088479e-03
1.895648803651226019e-04 8.551157577424627575e-05 6.842875779853457852e-05 3.105860945586903701e-04 nan 1.156912756962976741e-04 1.839327534606177228e-04 nan 1.343158396060649070e-04 5.991782886302446116e-04
2.227981022095187197e-03 2.842135287043282346e-03 4.602108906300560361e-03 3.574970885025619861e-03 3.365780107356489657e-03 3.389151312389000921e-03 1.270128253490856052e-03 7.379099995618744641e-03 9.465474162064231155e-04 1.432692808612893824e-03
2.366606808769146375e-05 2.264217651644785911e-05 1.357192164373085793e-04 8.980248651774074518e-05 1.076430844913259967e-05 1.197545488572195125e-05 4.268928719215216421e-05 nan 2.382551091091227732e-05 6.057826835143371384e-05
7.928716318578385176e-04 1.487591018449711399e-04 2.320426891585163076e-02 7.960396063561006944e-03 8.571245973179499999e-04 1.078972325803352920e-03 6.608107867615273029e-04 1.077157473913805015e-02 1.815119663571394142e-04 5.428643034867668138e-03
7.532604531585562757e-02 7.090659510576171427e-04 5.695875977992061884e-02 3.908039776113641367e-02 1.620199072328987189e-02 5.575816139078283544e-03 4.176282657949525502e-03 4.566617735417336649e-02 1.506981756229058139e-02 7.672775319176844411e-02
3.112504781285819772e-03 2.056051055227320259e-03 1.560844976813901587e-02 1.481949355031968174e-02 2.197501572562373523e-03 4.504266889241984560e-03 1.850955584681683325e-03 7.493171132869141764e-03 5.370147513799979587e-03 6.408554007637692028e-03
4.718848673009452127e-02 4.872606816934974341e-03 5.762932280667612539e-02 3.836740838468859216e-02 1.034361293091418110e-02 1.205721741712607875e-03 1.477137628740315782e-02 2.683707834626300470e-02 7.889044920076922207e-03 4.403963386143861652e-02
2.558171258610888489e-03 2.473189619934138082e-04 4.392012806564758384e-03 1.165182103193951497e-03 1.291726884615993507e-03 3.415076462063469588e-04 1.105620712746950736e-03 1.535444240421158417e-03 6.902184775875371556e-04 2.936899197552198318e-03
2.497313894154147210e-05 5.192027078371231439e-06 5.213484572834191757e-05 2.112512658809353856e-05 4.048992714072555300e-05 2.085295733987083586e-05 1.236631908287940830e-05 5.623055743357770615e-05 6.008301162237085870e-05 2.958816919152711670e-05
1.101097454638493402e-03 6.799067112291119330e-04 1.460709181951914612e-03 1.076379159841169952e-03 8.531168758343050463e-04 2.848004955893312213e-04 5.773726923031449743e-04 4.132590321792509310e-04 5.817232694752035721e-04 6.912032246252941027e-04
0.000000000000000000e+00 0.000000000000000000e+00 4.899980465149159222e-05 0.000000000000000000e+00 1.657751683314627122e-05 0.000000000000000000e+00 0.000000000000000000e+00 1.894573352359573806e-05 0.000000000000000000e+00 0.000000000000000000e+00
5.650055861822781073e-04 2.289670387842284111e-04 1.685918925482361654e-04 9.368167449078565728e-04 8.861634466709247815e-04 9.875967416417079890e-04 1.228355180965793984e-03 9.880065300043867731e-04 1.280336394532270760e-03 1.374475382207488100e-03
1.271961018009396763e-03 4.660950460060895380e-04 2.124791382876677417e-03 1.945201637536288870e-03 1.608062072606120715e-03 2.013283794096962925e-03 1.180510203054989122e-03 1.280608649814442626e-03 1.099763894220476225e-03 1.895688138969572369e-03
3.875205084536619687e-02 1.181387082665852697e-02 2.756809148274116245e-02 4.888273934706249303e-03 7.081319733394519575e-03 3.627519329265055381e-02 4.806797529444596477e-03 3.729959997819027456e-02 3.147907013641299163e-03 9.477965157858887074e-03
2.605634985269609290e-04 1.847237582463405470e-03 1.504381277213559130e-03 1.769467973853532800e-03 4.591095354126939693e-04 4.769181940460313083e-04 5.264914323377764983e-04 8.327614526757625476e-04 2.217897272432759435e-03 3.040700234438175600e-04
2.532370416836332312e-04 3.957015094192507993e-04 4.911469694041848853e-04 2.730884341075793631e-04 2.817106224713974093e-04 1.996560169979525118e-04 3.352273675944250132e-04 3.975551006839985304e-04 6.898086651880602120e-04 3.186839429050463031e-04
2.464537135061010175e-05 4.649332145024106275e-05 4.873491257470456960e-05 1.638578303857127330e-05 2.542703502214365850e-05 1.746017596345196183e-05 1.269450677261460330e-04 2.731415121364933894e-05 1.556829076908370756e-05 5.318438477488119829e-05
2.062201614204913272e-04 4.347530036968964297e-04 7.064912928869359048e-04 8.954788766983710251e-04 4.288163038961795379e-04 4.882486848691618077e-04 3.497400145899480332e-04 3.811444345955495249e-04 3.887535400131208454e-04 3.094912019255591272e-04
9.412684296992933331e-05 2.519075259800183822e-04 1.356795578745107443e-03 1.017400247183115674e-03 9.586125162167376940e-05 1.774730268012777090e-03 1.117636994106762597e-04 1.307920356636380760e-04 6.174757634788959147e-04 2.108900215718357435e-04
9.410569154722801333e-04 2.173140043669337623e-04 6.767177195406036058e-04 1.535272433115110035e-03 2.920251125085584153e-04 7.485497113528158906e-04 6.018507350028546058e-04 1.368960630482601035e-03 1.262954921400300835e-03 6.104856589858137462e-04
6.732756890107535752e-02 1.768401054390658644e-02 3.388443677757817241e-02 5.420726537072897283e-03 4.323250606399330759e-03 9.342120212218406675e-03 1.279343436820506476e-02 1.002883559330329001e-02 4.236640900771518337e-02 2.411413154808210446e-02
7.490925103365066347e-03 2.288237003222785143e-03 5.011187479289064446e-03 1.668112491959744884e-03 2.146966695858367174e-03 1.933158506641219788e-03 8.980075115095952423e-03 5.242989101163585304e-03 5.538205234604744523e-03 4.082659016856298242e-03
2.613094487320466106e-02 6.761099236299255785e-03 1.440765757117239317e-02 2.662032649186469278e-03 8.694865322171229554e-04 9.634135722331741564e-03 1.308126826358226719e-02 1.393720514834938338e-03 1.429147185699440603e-02 1.719604895946966194e-02
3.229445166227093780e-03 4.819951580745407437e-04 1.171023057855605492e-03 3.397400669939772025e-04 2.898830106107359796e-04 7.404050728481697402e-04 4.123161782046308758e-04 7.684157351654011519e-04 1.107146022839467555e-03 7.120577317600547754e-04
1.060917754707521447e-04 6.382899684398626189e-05 4.010832655539058728e-05 6.000854836461144617e-04 9.354454307919699398e-05 2.385904545347951691e-04 5.007208474066493579e-05 8.732002884827051736e-05 1.416274660391584814e-04 3.119791054068121738e-04
9.097269042480665311e-04 5.938746741053777325e-04 2.466065217003370817e-04 8.694046588294035210e-04 1.053356621008770316e-03 1.688885522944265360e-03 9.744586548135031031e-04 2.364447304030441871e-03 9.671928811509640077e-04 8.900312366780915169e-04
1.004306702073326073e-03 8.808371752450555375e-04 3.995579333007970996e-03 2.121781264220730899e-03 2.237517850302308230e-03 6.370119723581395797e-03 6.489276660121681695e-03 1.124369521248272472e-03 5.951253766877883343e-03 9.571436688687321587e-03
1.338198859093855378e-03 1.881409483876977234e-03 1.973712438561700706e-03 2.079219107105371653e-03 2.380914851652550165e-03 8.054378991226769126e-04 1.459910462954230968e-03 7.773407622843820546e-04 6.459085788846375201e-03 1.596135154325521808e-03
1.600190644771566899e-03 7.285661524197431689e-03 1.317791474480563794e-03 6.605047408818421131e-03 5.739305682706163404e-03 4.276037206362180709e-03 1.333049700846017024e-02 2.312103702753379522e-02 1.615643600930398785e-02 1.027476547906858162e-03
2.536744734169166064e-03 3.773182739452486147e-03 1.591357196617460435e-03 7.882069652802253454e-03 1.986274734603009177e-03 2.695766431940686391e-03 3.290961733720779245e-03 8.596415663857865860e-03 1.892249405527553956e-03 1.395405157410210470e-03
5.724262746687907612e-03 3.064842207979158115e-03 1.131875821964721703e-02 1.864177090888453556e-02 3.162473708211975543e-02 8.109417756633078081e-03 1.144087797501240795e-02 9.388611562275824690e-03 8.219630479473672910e-03 5.332907195946550230e-03
3.052477005731888109e-03 1.019811731068033175e-03 2.517474994803765419e-03 8.900331748712362115e-03 9.904829402827418534e-04 1.664226689573973213e-03 1.016467781623744092e-03 3.653915121631725292e-03 3.031415458761013530e-03 3.090206860827527172e-03
5.396547348222594984e-05 1.346144107467337606e-05 6.753017120912486559e-05 4.618014968259897239e-05 3.593977751743150385e-05 1.646155434107447150e-05 4.580012047088752661e-05 5.628606555326370718e-05 7.039947100203377672e-05 1.706998522973491176e-05
2.058507150904336988e-03 6.938069936202999072e-04 7.745020455207237385e-04 7.228846011135709251e-03 9.536009426952844412e-04 2.532094607719284109e-03 2.071652060510989230e-03 4.416731378793991095e-03 2.905588801781365440e-03 2.299218894081446474e-03
9.716513172088923705e-05 1.417187389730105104e-05 1.445042821119282167e-04 7.575384148914452386e-05 2.425565516119226970e-05 6.183946375726668101e-05 1.890766486916317050e-04 1.571160198730547311e-04 1.756662566456413115e-05 7.963300864566864152e-05
1.672885628084593013e-02 8.957787055521259072e-04 2.777442448618761255e-03 2.322381110857326889e-03 1.184238796179127098e-02 3.747361332245792778e-03 2.244735681953000453e-03 7.330734645009061128e-03 4.228496680777103301e-04 1.782956157247803444e-02
1.926263582427464871e-02 1.243040021775108136e-03 4.815670233125680239e-02 2.678882283643053280e-02 4.242355056968082766e-02 1.767418940511784973e-03 2.965877441149093047e-02 5.280599014320767198e-02 2.464866928937997290e-03 7.632591031132684306e-03
5.873167791095975504e-03 1.148530964790798288e-03 1.241552279343380652e-02 2.538916849842024880e-03 1.113810676938168515e-03 7.551441589034473857e-03 3.528474678167050054e-03 6.898655201054377205e-03 8.370468934989034812e-04 3.130353350209631475e-03
4.342891501827479683e-02 1.576765598764634166e-03 7.806622907344380746e-02 5.638255811481601015e-02 4.817648291235737679e-02 6.919765758180388728e-03 5.921604871560712940e-02 7.188328487900534636e-02 6.102549522998009348e-04 2.647769128322730731e-02
1.975263814398861388e-03 2.688048813010740935e-04 3.206619721169209382e-03 2.785237100200630214e-03 2.340708577742916813e-03 8.078540524433645321e-04 1.484704649473247637e-03 3.727619004971016378e-03 3.573661372007734950e-04 1.778750591658213908e-03
0.000000000000000000e+00 2.007798256840498356e-05 7.780901667001425263e-06 7.465922568401977611e-05 1.723632705424817783e-05 5.461978163769782413e-05 0.000000000000000000e+00 0.000000000000000000e+00 2.168860066274449477e-05 0.000000000000000000e+00
6.053568504172616039e-04 2.991019618416038356e-04 1.759014270435120195e-03 8.179174126469058309e-04 4.370782235632899616e-03 4.883360028340385812e-04 5.260908798184157128e-04 2.617631090172202208e-03 9.668670033511897119e-04 9.020922442731682707e-04
6.345553032398274472e-03 4.335402329587586742e-03 7.622440515735193559e-03 3.625455980600009696e-03 6.882777055407853298e-03 2.455153766720310354e-02 1.324936271966170413e-02 4.203368540066068637e-02 1.535521626466937808e-02 1.549816582469483754e-03
9.357023874420104803e-03 6.663467802395694334e-03 1.125789021641167981e-02 1.503871518078584400e-02 8.102203817941298555e-03 2.926785099252584427e-02 6.692580243586855604e-03 2.445785740165579494e-02 2.850598690698837728e-03 1.281119989520564280e-03
3.234048434190966385e-03 3.647266099220967950e-03 3.169718210501398098e-02 1.844690951245193597e-02 1.053970040882665736e-02 4.492804197524308089e-03 1.463060857525464451e-03 3.082326810985097990e-02 1.277289055236428827e-02 1.433190933732912502e-02
3.515915745428256113e-03 1.738495593028172199e-03 1.878496265708331017e-02 7.023421306622514015e-03 4.167612958229404904e-03 6.861379803640480467e-03 4.218707674659689585e-03 1.284804545952702472e-02 4.538350091679578015e-03 6.200555801069217859e-03
6.498081700921227478e-03 7.125983073651244622e-03 3.588982379274550938e-02 2.755018146888549291e-02 9.801223018319638741e-03 1.352017172347297087e-03 1.486091807069233120e-02 4.003848354052049613e-02 1.626086905240129582e-02 2.685994132456102218e-02
3.309228347413206272e-03 4.142364629210734672e-03 1.280054916549040744e-02 1.193752213301269363e-02 6.891006526878089636e-03 6.472970979548729221e-03 1.281435294306508673e-03 1.591792398278433010e-02 2.621582645544808486e-03 7.215058585403342876e-03
nan nan nan nan nan nan nan nan 4.899980465149159222e-05 nan
2.112584326667207857e-03 2.809737024701886021e-03 2.798808063442868865e-03 5.414817465035514157e-03 1.432198323862967021e-03 3.529664686071153079e-03 4.047971239104227771e-03 9.816724694684348870e-03 8.292402732379512004e-03 7.484009241352500286e-03
2.832223980076181702e-02 9.837090998381625359e-03 2.382587976739133397e-03 1.281890357136719269e-02 2.128630612045354434e-02 2.169052248163204702e-02 4.467560069418607775e-03 5.339598193104871937e-02 1.357218416244396035e-02 1.499263776197180126e-02
3.014072252985662559e-02 2.029390424983917515e-02 7.445032563070467721e-03 7.367887131478946701e-03 2.364621172608265265e-02 2.105288005875606550e-02 7.088154681383863551e-03 3.681226029337569122e-02 1.591560096862478652e-02 2.772038985420430257e-03
3.353795915223208718e-02 1.482064563600391308e-02 3.851271060033570424e-03 2.030295484634691422e-02 3.554122101029256325e-02 3.196470326596560080e-02 2.425747043560008698e-02 4.858807723852644200e-02 2.544089495137309004e-02 3.067268049223428883e-03
9.100083419441493821e-03 1.544190987615334278e-02 1.030107275715715781e-02 4.836731761106745700e-03 9.248140396002631908e-03 9.015183003429025690e-03 3.433819535832503215e-03 1.024592891970101984e-02 1.690036769326665970e-03 8.142854653999598985e-03
4.326314721087332754e-02 1.225485767155418994e-02 2.571165966217510077e-02 1.765005197019172550e-02 3.543235511259256593e-02 3.541907375035140138e-02 7.471744608283211776e-03 4.275346658042993714e-02 1.514612014461624682e-02 2.178008505888591462e-02
1.577094851602568043e-02 7.747196009550369206e-04 2.798398991048976076e-03 5.460508212177675805e-03 1.396894820642508375e-02 6.570475725164412126e-03 7.064016669443952748e-03 1.121239637083496811e-02 1.204092048843162163e-02 6.912809573117602649e-03
1.316399325994507537e-04 nan 5.525838944382089956e-05 4.267039521474236464e-05 nan nan 2.902011707032059332e-04 nan 9.437249538856992486e-05 nan
6.512247700187767663e-03 9.652857173983926155e-04 3.242506264901911205e-03 2.629685186961556141e-03 7.758377826899543958e-03 1.003939691855140239e-02 2.674471882134406633e-03 6.201420266072343000e-03 2.106182344738851894e-03 8.912685603030916486e-04
3.550992585810786376e-03 3.878149228449883149e-03 2.775462935554254273e-02 3.698078755717736782e-02 6.404127859671164893e-03 9.998196711467814343e-03 1.093097040718584746e-02 3.950688353349329773e-02 3.637931018613586864e-03 6.181889203980333800e-03
1.168883419815173672e-02 2.517370988715005812e-03 1.769413018889033976e-02 2.815526209959968648e-02 1.066506611494763557e-02 4.256223719270818204e-03 6.610085755274562429e-03 3.306477674468397826e-02 2.633242923023900849e-03 5.885280591788297731e-03
1.769897091472222989e-02 1.910140277096960670e-03 3.160944075783991229e-03 2.490584988911783565e-02 2.164398718478861144e-02 1.353279249244568111e-03 3.619849993601028781e-03 4.855002446041011693e-02 3.223235929508187075e-03 3.565866817198287339e-03
1.436407986738965281e-03 1.504852151958548058e-03 3.249053851860032611e-03 8.871838295205542249e-03 6.924736816414859240e-03 2.482003814140990722e-03 7.703702612980633038e-03 3.954545372715514116e-03 8.002313076364271291e-03 1.368201179501764893e-03
2.199939100109908358e-03 2.015534553873349344e-02 1.330003978753000957e-02 2.307312747928071811e-02 1.832931736331768272e-02 2.913118913032286192e-02 8.780022344214639604e-03 6.673578926275065652e-03 6.314452165004281851e-03 2.859642001162349470e-02
4.776844425555340674e-03 1.827034978421064821e-03 5.014208516666073673e-03 6.894429585214681064e-03 6.226075154969910354e-03 4.153989617265338961e-03 2.024612646633327899e-03 1.510205108937776389e-02 2.035039001427215322e-03 2.178688322915200027e-03
1.503014433363603086e-04 nan nan nan nan nan 2.001200560240099229e-04 nan 0.000000000000000000e+00 nan
4.424258822167803813e-03 3.926347200291507508e-03 5.382975910772280423e-03 3.407127042330829626e-03 6.498752655909310373e-03 4.282533053062189017e-03 1.555043545936776132e-03 9.509107362006203809e-03 3.125048643607276910e-03 3.321395022745344226e-03
6.725640198221523140e-03 1.361270303731429605e-02 1.223285672336234080e-02 7.023171341459614851e-03 2.747729800183460261e-03 1.603035561764703382e-03 2.483531092106445928e-03 2.052866621773281712e-03 5.087834305916510286e-03 2.165985770542566691e-02
9.293281566701701649e-03 8.703802840175170821e-03 3.401699880108988508e-03 5.212854975642961658e-03 1.740168997469276066e-03 2.330198990765641309e-03 1.102562960361584514e-02 2.411241831421364213e-03 9.262259947242095642e-03 4.712767038029729190e-03
6.764802506964453371e-03 9.411915051246763642e-03 3.427912674264295845e-03 8.571536155898642345e-03 5.643929891011438896e-03 3.441777517807372965e-03 1.543030654947019718e-03 2.950709631751789047e-03 3.748639873561100851e-03 7.848371382600523999e-03
5.539915184358223423e-03 1.394436971748892490e-03 9.595425121481888225e-03 2.532246750426651524e-02 1.199186783270269480e-03 1.795778022174957661e-03 1.604646724109052430e-02 1.056940295952183209e-02 1.345803276455786318e-02 1.241584672014194903e-02
1.168541143500977748e-03 1.894596030258175953e-02 2.085331076204159986e-02 1.349986308734676954e-02 6.996326601127000368e-03 1.098149213260523824e-02 1.102970312449745582e-02 6.239567985561544385e-03 1.267807610551728061e-02 1.814803348171196290e-02
4.857272520971573108e-04 1.348270204298625697e-03 3.924158934445430829e-04 4.283007484164096969e-03 1.125224328411578070e-03 1.445346632296862568e-03 7.501587509130256716e-04 1.732289564590664506e-03 1.619677403251957356e-03 2.000838501445968958e-03
3.665549940155126156e-05 1.507046984831479202e-05 2.873297066646632140e-05 1.041338070175820745e-04 4.144379208286567637e-05 1.734073655964731952e-05 5.947688799680103460e-05 nan 6.650267554086612004e-05 4.267039521474236464e-05
1.399519843279541141e-03 4.455010251412726925e-04 1.999280642398531919e-03 5.015814295584396752e-03 7.398133652271882002e-04 1.993366829413016020e-03 9.351273424583299299e-04 3.162273140296416145e-03 1.645852159850305250e-03 2.581068925610672908e-03
3.675409124214500112e-02 1.006223841551896585e-02 1.531640126689135656e-02 5.080012653789480956e-04 3.460874968865307495e-04 1.109280866709792725e-03 2.176692546424369157e-02 1.210714752527103019e-03 2.157826757563735195e-02 1.042614517764221295e-02
1.939093366838177263e-02 6.128245359211061984e-04 4.103418942987864179e-03 1.677406541146521249e-03 1.160278716758058552e-03 2.031613871418456747e-03 3.190650810436077359e-03 1.889981949689129199e-03 1.017722722362258796e-02 8.017908791564646101e-03
6.151081842514842697e-03 3.919373534719410544e-03 1.810127088329151548e-02 5.564054269740698229e-03 3.788665242484155239e-03 3.471690962533924892e-03 4.723030555211346973e-03 9.512078604766036061e-03 1.242293621311813326e-02 1.402539660216520212e-02
1.326407683685209725e-03 7.083298526594029908e-04 1.048450736003471960e-03 1.072257532202335658e-03 2.775951949309228041e-03 1.975910214399036711e-03 5.678252314802133532e-04 6.892224315926521669e-03 1.769262463280827074e-03 3.177356013690568748e-03
2.529935651722881387e-02 5.446207889848132463e-04 1.172332832429954196e-02 1.397169567380561559e-03 3.230164287766014355e-04 8.931715969764742261e-04 1.430726654043441371e-03 8.749123283249796591e-04 2.124314526887025045e-02 9.463347629402648481e-03
1.936224843630978939e-03 6.344915767578277431e-04 1.797802790547179189e-03 5.079714189311845211e-04 1.982982684239102331e-04 8.063276152815920805e-04 7.224599302935641367e-04 1.493068271646743467e-03 1.636674806937028336e-03 1.709876920536811421e-03
0.000000000000000000e+00 0.000000000000000000e+00 1.719049492631916109e-04 1.278456985749414575e-04 8.288758416573133918e-06 1.097685673066417912e-04 nan nan nan 3.315503366629254245e-05
1.529153188522829618e-03 6.153810152300147546e-04 9.452705659493869719e-04 6.114009565414936986e-04 9.647032052288116158e-04 9.262667234470128245e-04 4.638604952149982070e-04 2.381361064163276062e-03 1.038222840729572868e-03 9.922206718472885607e-04
2.577330362780903480e-04 4.031103559580193887e-04 1.703625472283358186e-02 2.514547880007135094e-03 1.413777344452810851e-03 7.175653039791351898e-05 5.023214505404056734e-04 1.847380404742990888e-04 4.460459965092360797e-04 2.428829489171122850e-03
1.037364981690298837e-02 9.425366715896717901e-03 4.583657003563134519e-02 8.623096674284643978e-03 3.504620841944701415e-02 1.592383304760830670e-03 3.914098053524164671e-03 1.065187815273646588e-02 4.030835883934011377e-02 2.862300512969376091e-03
2.902626329147931644e-02 3.689991817103580735e-02 5.913303751445087020e-02 4.641678098258843893e-02 2.659576645673974657e-03 2.653522412708711822e-02 1.572975800680499053e-02 5.343814630658595688e-02 2.129208759468973616e-02 1.744317153040500501e-02
2.753470654968892973e-03 4.832136237658670418e-03 1.042950188136140474e-02 7.270494355787294333e-03 2.541595065471522960e-03 5.810186611344701595e-03 8.275661733643489837e-03 5.032724766623956729e-03 4.243447053361220841e-03 4.597139616067482705e-03
5.671259045050377166e-03 4.881104889535817226e-02 9.240245146110456775e-02 1.534880138749774615e-02 1.974341562731083202e-02 4.714411983317507576e-02 1.108416790145071856e-02 6.689991205399635488e-02 3.702710691928819131e-02 9.368002230485793919e-03
7.526806141256145270e-03 5.910535437606217503e-03 1.526312553896335723e-02 2.243210182451157737e-03 5.976612120971184529e-03 1.621413941329785105e-03 1.687143894485409242e-03 7.218204267366142013e-03 1.179339480120009283e-02 3.909748706469819493e-03
1.417666604356205708e-05 4.211029241181445641e-05 3.239257245049367569e-05 2.464868837217591664e-05 3.223648202002599291e-05 2.203009967595221579e-05 1.492775708139174352e-05 2.933917862961027423e-05 3.355487665756981758e-05 5.210102455273235979e-05
1.404443134258618817e-02 1.525071860734727438e-03 1.060966282657341275e-02 5.509220024626571184e-03 1.009660567517804350e-03 8.740740266016592099e-04 7.516105591172475911e-03 1.291926064744517138e-03 2.730025803761494067e-03 1.455884283552604744e-03
1.614015285207464636e-04 1.305994350639694572e-04 1.509391696596286306e-04 2.429604143122918766e-04 1.088653499528510218e-04 8.920696292966903869e-05 6.675394989781626418e-05 4.982068990937596822e-04 1.225250364450574043e-04 4.208091637363173130e-05
2.165499740299234657e-03 1.778971507703281177e-03 2.262266699649447942e-03 7.066476751516808990e-04 2.336582886088525279e-03 2.213664901004283071e-03 1.071961474781929448e-03 3.997940860001143390e-03 2.512130076851533389e-03 1.196647158443708576e-03
3.529099192818950645e-04 6.680073261061745919e-04 1.297850679773378778e-03 1.229534706608093227e-03 6.958607914108546786e-04 1.559437062992375419e-04 6.213451998706770105e-04 3.423979001655690730e-04 1.271478573812117978e-03 1.301009477429409481e-03
1.897417864135514647e-03 9.200777979062846031e-04 5.674106379781471620e-04 1.340761155894532085e-03 2.630452010864307855e-03 1.108977579760975045e-03 6.130483145885424340e-04 5.806832421332599505e-03 1.738216797364468399e-03 1.022164330309678149e-03
1.678849547255054748e-04 3.328300096394270569e-04 1.747429909562568597e-04 1.896021563508709217e-04 9.874099200432476069e-04 1.834347321942367520e-04 1.194311733975782940e-04 nan 2.038513879137908891e-04 7.979888983244368822e-04
2.290746216911621232e-03 1.437499105023467855e-03 6.883398583401088931e-04 2.809880144290921068e-03 3.823431971908603910e-03 1.553394142783921014e-03 1.187601019806986281e-03 6.502944012023125636e-03 3.304606478387258489e-03 2.014653490862238373e-03
