2.963322500316542540e-02 4.097623770733981041e-02 6.872916051154355499e-02 4.710399696112776979e-01 2.803992740471864670e-02 9.807327058624919214e-02 1.645000633098380946e-02 3.059152492297302905e-01 1.904993035917782601e-02 6.456126282024218788e-02
1.345802783181203333e-01 1.058357025288042957e-01 2.193401167140504870e-01 1.748630854406703516e+00 1.745772856501570658e-01 5.996932515337423109e-01 5.714499476283094181e-02 8.868023342810114062e-01 1.228116115516981605e-01 2.065763878497680062e-01
4.538877917797319306e-01 3.579325727762227016e-01 9.719934078736131022e-01 7.128496739454727837e+00 7.908988875786721051e-01 2.642449600068194293e+00 1.098214158864562057e-01 3.734443860371944091e+00 5.268941707985850265e-01 1.190718456533166769e+00
1.179632891970222169e-01 7.637097232482825682e-02 1.977155196908562673e-01 1.401250213104506370e+00 1.959765869182248099e-01 5.257828038870260290e-01 3.081207023924541905e-02 8.706086264704211430e-01 1.100528499175996433e-01 2.369153833039721879e-01
1.631629701060752335e+00 5.541996142719383123e-01 1.239431051108967896e+00 1.504436837029893859e+01 2.085433944069431611e+00 4.509797492767599003e+00 6.304243008678880322e-01 4.115930568948890311e+00 1.112796528447444588e+00 1.959074252651880732e+00
2.294027228809838448e-01 2.049846288976724384e-01 4.156785243741764613e-01 3.112933684672815282e+00 3.315546772068515002e-01 1.047342995169082025e+00 8.427755819060162024e-02 1.584365393061045069e+00 2.791392182696531554e-01 4.363197189284147015e-01
7.365794646907608545e-02 2.788951056000806700e-02 8.134986642471897511e-02 1.382932607490297561e-01 9.201572659912296559e-02 6.967085034527947807e-02 1.776803266293658368e-02 3.321235949392611353e-01 6.164121175462476676e-02 1.773174051111447158e-01
2.428008860447942729e-01 2.030519320698989105e-01 5.056608417425547675e-01 3.192271720403642377e+00 3.316022643366972056e-01 1.157715973418655953e+00 1.288456805316265663e-01 2.217450159980309810e+00 1.730002461235541911e-01 3.503076544425299255e-01
3.133944300389933380e-02 2.202450466142798560e-02 1.446527186714431992e-02 2.978880069673996989e-01 2.712337443835246414e-02 5.768096435145791956e-02 1.380218127115472732e-02 5.790463371667225329e-02 5.271075394390398010e-03 1.709981987688299204e-02
4.672982456140332974e-02 7.101052631578921859e-02 8.621052631578922376e-02 5.844350877192980853e-01 5.228771929824559128e-02 1.428771929824561859e-01 5.984561403508784072e-02 2.213614035087719811e-01 3.106666666666675625e-02 4.832280701754384372e-02
1.496960610603788322e-01 3.061033119803734381e-01 4.334114760801416333e-01 4.292356548998228938e+00 2.771377947389940255e-01 1.024816682567807113e+00 3.543709963200218360e-01 1.520964972059424491e+00 1.767779746490390491e-01 3.806242333378765941e-01
7.138807109366479553e-02 1.114600370733835610e-01 1.178606476938173497e-01 1.077308908515974162e+00 1.013847999127689137e-01 2.515647148620653306e-01 7.853014938392784139e-02 4.300839603096719976e-01 4.479337040671701325e-02 1.210773089085163540e-01
3.500969652497509244e-01 1.320352219718011755e-01 1.291577126683786658e-01 2.555291157817495495e+00 2.210073903244406390e-01 4.518842706640808782e-01 1.604696262906860627e-01 4.347450075999790275e-01 1.505739294512290494e-01 1.969180774673717771e-02
2.092623537837192127e-01 1.951062306039627603e-01 1.948675101456194825e-01 1.900954881833373467e+00 1.116734304129863298e-01 4.644306517068512163e-01 1.673430412986394167e-01 8.493435187395558250e-01 2.986154213416088998e-01 2.039150155168298340e-01
1.438591022443886855e-02 5.013507896924363286e-03 3.284497090606810360e-02 9.445137157107276124e-03 2.110868661679132785e-02 1.597049044056525480e-02 3.823773898586912707e-03 6.427161263507895350e-02 1.733167082294261377e-02 4.075748129675811626e-02
1.379599086526261953e-01 3.494798274549605344e-01 2.367165693986297281e-01 1.910784064958132245e+00 9.555950266429860673e-02 4.532352194874399998e-01 1.420451662014720617e-01 9.237756914488709503e-01 8.028419182948484667e-02 2.089063689418928782e-01
6.078190776433278764e-01 8.043890283729446811e-01 1.538051460177826568e+00 3.006344741660845976e+00 6.114360145734618612e-01 1.871938534725237302e+00 1.814358257980480671e-01 5.835791818473562209e+00 9.469918637796614913e-02 4.489645668548130075e-01
3.449270512648909826e-01 4.403895060902150993e-01 1.034352830946325685e+00 4.156337839646633725e+00 4.026234774461247001e-01 1.353386427519743584e+00 1.331548654798553055e-01 3.971108285370097413e+00 9.784500066925427841e-02 2.365747557221254127e-01
1.340962022234845730e+00 7.621135275501095263e-01 2.432999269658362440e+00 1.224978495496226572e+01 1.915093727176823801e+00 3.633691065487300254e+00 3.577517649922908327e-01 1.170347115150531359e+01 6.414894911953260559e-01 1.009784549216911520e+00
3.272904325245476476e-01 3.288647244989045260e-01 8.260245070193945605e-01 3.195236549541507820e+00 4.495171630284831576e-01 1.181205875192728572e+00 2.352186967459223566e-01 3.426470826909032041e+00 1.215207335876004185e-01 2.433741783656575564e-01
1.250819260468328142e+00 1.243436499466382017e+00 2.881109925293490193e+00 3.823015255194927420e+01 1.188298072697595575e+00 5.546098311256199231e+00 8.374474229392931957e-01 1.611421307050034457e+01 1.202900370393621632e+00 5.359721263105029498e-01
4.678295682013152712e-01 5.208750357449242196e-01 1.328881898770374548e+00 6.906977409207891938e+00 8.021160995138691963e-01 1.836688590220188599e+00 3.073205604804117863e-01 5.719559622533600063e+00 2.306834429511009921e-01 4.957106090935086140e-01
5.452169367485626764e-03 2.743335075797179862e-02 7.315211709357029302e-02 6.227914270778892036e-02 2.837950862519602810e-02 4.282279142707791364e-02 1.316257187663357787e-02 3.948771562990069373e-02 5.336644014636697519e-02 4.350235232618922948e-02
6.393668623946895391e-01 1.009854480469747795e+00 1.997778912432984333e+00 8.102374266019911175e+00 8.965790145519529908e-01 3.536813888179728860e+00 4.207556803676282819e-01 8.286622415113606976e+00 2.884860862905280765e-01 4.281337758488643619e-01
3.182433518597691080e+00 7.684908080376228190e-01 1.056595126122274575e+00 2.977217614365113896e+00 3.276316374519025132e+00 2.744326635314236817e+00 2.916152201795638721e-01 1.337343480119709582e+01 1.890541256947413595e+00 2.079996579734929352e+00
1.179616830362556712e+00 2.399054201527830721e-01 1.738571601794593191e-01 1.009391293803807432e+00 1.042039529525887964e+00 9.269552564568930286e-01 1.092094094822362166e-01 4.983206014308235510e+00 7.458712259003275058e-01 7.631320480174609289e-01
3.841380619043602285e-01 6.436514295352956383e-01 9.133549801804842216e-01 2.489036012482078175e-01 8.761491102302437772e-01 6.674243063169436052e-01 3.769439993252931553e-01 2.257345871637007839e+00 1.481740743864383980e-01 3.526397908408535620e-01
4.544404149447583974e-01 9.322762924854519073e-02 1.408619380956396550e-01 5.426246099350593433e-01 2.855697056591043892e-01 3.234966686345615572e-01 5.368980349160831084e-02 1.790334823311124257e+00 2.661381462427259148e-01 2.770262292316774122e-01
1.625663570006635750e+00 7.017086927670870278e-01 1.103450564034505810e+00 9.922362309223625720e-01 1.089283344392833586e+00 3.155690112806907033e-01 6.494857332448567000e-01 3.655358327803582608e+00 8.744608493696082174e-01 9.637110152621100045e-01
6.121269361541369358e-01 3.655836796373254094e-01 2.517567057045711487e-01 8.670192670948242419e-01 6.203248961088021485e-01 4.731016244805441029e-01 1.411786928598413593e-01 2.499206649036645800e+00 2.626747261050247362e-01 3.143558745749904793e-01
2.505334159267636092e-03 4.006469818982723308e-02 9.633147498107234863e-02 8.483033932135730648e-02 2.729024709202286861e-02 5.294239107990914017e-02 2.413793103448273053e-02 3.215637690136965987e-02 6.970885814577743034e-02 4.285910936747197586e-02
1.363394957983192768e+00 2.713949579831936298e-01 4.246386554621843779e-01 7.569075630252103393e-01 1.327596638655462291e+00 6.758655462184873786e-01 3.588907563025213188e-01 4.902285714285715912e+00 6.556638655462180276e-01 8.034621848739498251e-01
2.561058527160218201e-01 6.797564017903001687e-01 9.535353535353540133e-01 1.201685132193606620e+00 9.147063858928268232e-01 6.609093354856063751e-01 9.075500770416070062e-02 4.795565827769217471e+00 2.308997970014915468e-01 8.642111184484065900e-01
3.289108567464449906e-01 4.888050641692687770e-01 5.848421782865071972e-01 2.350329517863336548e-01 8.214533472077695242e-01 2.087408949011443360e-01 2.776708289975717281e-01 3.310058966354492149e+00 3.244623655913976834e-01 6.582726326742984746e-01
4.851641514985917780e+00 1.191273277565261246e+00 5.727449661608305931e+00 3.242334692504938332e+00 7.712005548783051445e+00 4.657417293707176498e+00 1.835751818067173691e+00 3.165956534532767108e+01 2.714708478708646844e+00 4.331031148850309265e+00
2.107280982007736281e+00 2.874054144947037481e-01 1.465999663695981781e+00 2.716562972927527131e+00 2.974407264166806897e+00 1.523574911720195102e+00 5.213721203968387785e-01 1.359601479737682794e+01 1.172439885656635372e+00 2.001092988061206501e+00
3.539815326335722379e-01 1.142569647225948781e+00 9.291216162891641206e-01 3.161179070318048900e+00 1.271233525372898576e+00 8.681003867098098237e-01 6.019887933075529496e-01 1.461739404940415321e+00 2.510101807276457819e+00 1.134062031410307148e+00
2.173292595255212678e+00 6.907979870596687721e-01 1.778792235801581967e+00 2.103055355859094089e+00 3.601941049604600042e+00 1.621171818835370093e+00 1.308842559309849829e+00 1.415007189072609428e+01 1.461394680086268494e+00 2.187491013659237815e+00
4.205546063871690599e-04 3.725850965961364017e-03 9.423051649362614024e-03 7.951110527007487078e-03 2.628466289919828905e-03 6.354317255881192922e-03 1.366802470758310449e-03 1.885924563017482656e-03 8.680509922460244790e-03 2.996451570508607172e-03
3.488896020539152154e+00 5.375802310654685945e-01 2.331354300385108047e+00 1.738029525032090739e+00 5.032509627727856483e+00 1.850706033376123605e+00 1.516752246469833310e+00 1.776251604621309355e+01 2.461489088575095074e+00 2.941174582798458559e+00
3.990264990264989486e-01 4.953073953073952040e-01 1.119554169554169309e+00 5.289527439527439867e+00 4.959261459261459781e-01 1.698049698049698186e+00 3.455829455829456665e-01 2.846439296439296385e+00 2.047965547965545918e-01 1.520295020295021060e-01
1.567709856683241199e-01 1.914945890611289281e-01 9.741678853465924881e-01 3.961485814565662622e+00 5.257794676806087919e-01 1.459221994735302896e+00 3.608949985375846103e-01 3.797993565369991664e+00 1.820473822755189208e-01 3.913600467973089581e-01
1.794773420324799584e+00 2.635139351819019815e+00 8.787405148571023616e+00 2.482702290617686813e+01 4.332752996241401533e+00 1.224556059853911094e+01 6.934898234167794495e-01 3.167422877810084358e+01 1.339536203106163503e+00 1.557031416211617003e+00
7.863687943262402946e-01 6.916312056737590197e-01 2.317134751773050283e+00 1.222161702127659666e+01 1.301531914893616193e+00 3.721205673758865906e+00 3.815319148936168192e-01 1.047862411347517764e+01 3.066382978723404262e-01 9.067234042553193873e-01
5.482223476297968467e+00 5.321853837471783422e+00 1.381997037246049587e+01 4.691048955981941049e+01 8.897488713318283615e+00 1.808036822799097010e+01 2.763417042889390274e+00 5.474876551918735856e+01 2.315646162528216756e+00 6.037217832957110453e+00
8.073562479922897772e-01 6.348217153870855389e-01 3.054256344362351161e+00 1.357099261162865389e+01 2.031834243495021841e+00 4.637134596851911539e+00 1.150851268872470357e+00 1.225721169290074108e+01 5.210729200128496608e-01 5.154834564728559831e-01
1.925869798572943424e-03 8.789543474142836460e-03 1.927764096735492400e-02 1.821051966912925341e-02 5.442950053671780780e-03 1.212350824019702358e-02 3.485508619056632354e-03 4.666287807034164188e-03 1.617099198080445069e-02 6.775273094651756978e-03
1.658217699660809341e+00 7.054887449892081053e-01 3.540117175454826182e+00 8.929170521122417270e+00 3.763058896083872895e+00 4.237526981190256059e+00 5.570767807585572662e-01 1.553361085414739229e+01 7.741905642923221365e-01 1.599167437557816207e+00
3.331624286455627804e-01 1.348861442656980270e+00 2.117388687078360920e+00 1.567092890503373637e+00 2.404338349766473315e-01 2.013291126102751516e+00 3.179221587960553430e-01 1.386569797612868582e+00 1.991690710949663101e+00 8.295070057083550052e-01
3.060273770974387131e-01 1.062599352369737682e+00 1.823822490432735366e+00 5.734721813364732412e+00 4.578598763614951106e-01 2.294539299381807673e+00 6.567118045334118248e-01 3.454665881660288651e+00 6.671769208124816997e-01 4.534294966146590333e-01
2.038350367064920121e+00 2.079611343025766335e+00 9.696147977544264052e+00 4.722872894774722852e+01 1.936150856484813776e+00 2.507504246437311224e+01 2.308930473585720122e+00 3.701161076723766286e+01 5.047534187419029372e+00 2.151616525118756229e+00
6.693804698295710010e-01 1.896522339935514445e+00 4.531966835559649631e+00 1.435556195301704463e+01 9.426301243666526108e-01 5.112321510824504145e+00 7.232611699677573558e-01 9.110018424689084071e+00 1.163691847075080332e+00 2.257162597881161581e+00
2.383462340984047856e+00 9.907087568149695045e+00 1.072553005317358910e+01 5.083823786767180763e+01 7.491485495052836896e+00 3.130394426869489166e+01 4.209315474187252271e+00 2.579562495793229004e+01 4.978939220569428947e+00 3.251012990509524414e+00
7.223482526057636299e-01 2.740036787247086991e+00 5.696259963212753519e+00 1.899037400367872408e+01 7.248927038626605812e-01 8.329767014101777889e+00 1.601164929491109001e+00 1.355674432863274070e+01 1.309012875536480713e+00 9.503372164316370441e-01
6.949504007174755376e-04 6.271366922602794949e-03 1.491901586056158108e-02 1.403351454351858991e-02 5.167292495656572622e-03 7.459507930280795743e-03 3.698929552205387859e-03 6.304993554895488989e-03 1.240822731603431414e-02 5.413887799137007475e-03
1.498877941981390016e+00 2.010071154898741774e+00 3.837137383689108727e+00 1.558437328954570233e+01 1.156622879036672602e+00 6.650848385331142865e+00 1.697810618500273261e+00 1.447446633825944140e+01 5.684729064039412139e-01 1.468445539135195155e+00
3.197154250779710161e-01 6.337300417397259689e-02 1.914425807252470024e-01 1.118432200102410068e+00 3.680388536316663295e-01 4.404363275249432164e-01 2.193647493289061501e-01 3.321349325802598895e-01 2.699365369993945163e-01 2.669992396853227978e-01
4.096105182088241592e-01 1.180767961271869670e-01 3.271151941907802785e-01 2.655451644845417292e+00 5.096270216745515391e-01 1.137572890306964624e+00 1.239080206843440474e-01 1.179464187479371429e+00 3.377214214985148066e-01 4.856969963692373549e-01
1.439267464185496337e+00 8.388332594889972293e-01 3.281450302761778737e+00 1.783336582484123412e+01 2.351543346625313724e+00 8.328506867523261192e+00 7.379618963225524908e-01 1.030276177817161454e+01 1.494263771968689536e+00 9.738975040614386014e-01
2.286034971644611002e-01 3.366020793950849077e-01 9.291942344045365232e-01 5.844470699432891436e+00 4.078922495274099891e-01 2.395368620037807261e+00 2.152055765595465298e-01 3.993442816635159875e+00 3.060255198487708550e-01 2.123700378071833317e-01
2.427205146533237823e+00 1.894689063616868951e+00 5.445847033595425657e+00 3.261040028591851581e+01 4.758777698355968866e+00 1.476639027877054922e+01 1.946962115796993520e-01 2.014059328091493839e+01 3.268727662616154550e+00 7.677776983559684965e+00
5.263020833333331705e-01 6.611979166666664964e-01 1.482812499999999423e+00 9.193815104166668917e+00 8.823242187500005551e-01 3.875781249999999289e+00 5.255533854166660745e-01 5.408007812500000178e+00 6.627604166666671848e-01 5.846679687500000444e-01
8.911800014123351030e-03 1.425746769295955715e-02 3.114893016029945255e-02 3.426311701151067701e-02 1.973024503919210831e-02 2.492055645787807569e-02 6.044770849516333672e-03 2.982134030082607412e-02 2.382600098863078830e-02 3.734199562177833998e-02
3.786896551724132087e-01 7.441724137931037264e-01 1.514137931034483353e+00 9.074310344827585695e+00 5.451034482758623234e-01 3.884103448275861847e+00 4.426551724137931521e-01 6.128586206896551758e+00 6.927586206896548804e-01 2.369655172413792088e-01
4.413744400066921428e-06 2.361353254032971913e-04 4.193057180058801453e-04 3.641339130050935571e-04 1.677222872023431839e-04 2.736521528038271425e-04 1.213779710017126698e-04 1.853772648025997667e-04 3.530995520049429507e-04 2.317215810032413669e-04
9.964009075972146690e-02 2.195446365699086147e-02 1.296690399812220895e-01 5.411157186448629225e-02 1.430717471246381323e-01 9.273139816915736133e-02 2.340974884594320890e-02 3.757843674203896756e-01 7.944605273452781669e-02 1.639621312886314908e-01
4.720161654835009629e-02 6.481880300975755016e-02 2.235250325702586027e-01 1.247773257823507759e-01 1.311052617585280466e-01 1.441174124591210193e-01 2.192975459307121636e-02 2.460530164047750601e-01 1.653558799287442038e-01 1.716705219217782852e-01
1.027586940338190535e+00 1.437945336594703472e+00 2.459459746889290255e+00 1.228727002020631787e+01 9.265340848665329920e-01 3.310007444432628176e+00 5.519940444538985469e-01 1.073196852068488738e+01 2.835265340848667215e-01 8.621291077315758056e-01
4.319370735405608230e-01 5.312926459438968019e-01 9.345905989385896451e-01 4.945387920141522287e+00 4.229972201162496281e-01 1.377274450341167578e+00 2.882170836492292665e-01 4.224488248673237578e+00 1.437199898913319729e-01 1.568991660348746653e-01
7.332374100719427079e-02 1.012949640287769681e-01 6.138129496402872781e-02 3.644316546762589870e-01 1.116834532374100797e-01 2.541870503597122299e-01 7.076258992805761761e-02 5.138705035971222745e-01 1.115107913669065448e-01 8.716546762589943986e-02
9.083017676767676796e-02 3.148884680134680369e-01 4.478061868686867841e-01 2.512952441077441090e+00 1.157723063973064015e-01 7.123263888888888840e-01 7.222748316498317500e-02 2.123327020202020243e+00 4.318181818181827947e-02 1.234953703703704359e-01
1.080678314491264891e-01 2.508992805755396738e-01 1.515930113052413875e-01 6.187307297019526420e-01 8.360739979445024062e-02 2.003854059609456173e-01 1.076824254881808413e-01 5.536485097636174579e-01 5.917266187050363585e-02 1.220966084275435237e-01
2.810748032383916239e-01 3.411519292785786250e-01 3.674559682475251332e-01 1.231427733802404445e+00 1.016539250840042818e+00 2.270714656202782677e+00 1.571296484225241930e-01 6.845499853415429881e-01 7.688699456509484609e-01 1.173459170556795161e+00
3.616294874870074061e-01 8.431998081074597584e-01 9.784600623650755447e-01 4.621188134644599543e+00 1.570080754777324561e+00 3.580922683297352638e+00 6.849364355960657624e-01 1.331030622851203216e+00 9.774926041416807099e-01 2.529567442232349528e+00
3.461778547327295730e+00 4.240783164624401635e+00 4.846763452317526699e+00 2.438507369916533563e+01 6.082889362457823523e+00 1.385153169952051222e+01 2.789433493162848166e+00 1.216703072278458464e+01 3.092754395311666737e+00 5.227304208843900568e+00
3.788137098206363351e-01 1.510175812466701739e+00 1.465601136565441553e+00 7.906446457112412673e+00 1.807227845853311532e+00 7.793837684247913344e+00 9.529213283608598539e-01 5.382969277215415183e+00 1.199911205824898408e+00 3.763150417332624009e+00
5.977581060914394229e+00 1.095547415547415682e+01 1.673580925247591722e+01 5.408681318681318828e+01 1.676055487722154425e+01 3.639541446208112774e+01 9.002957536290869811e+00 2.644486501153168234e+01 1.076858635191968361e+01 7.136528286528286635e+00
1.121872103799814502e+00 1.838616002471423982e+00 2.331665122026567616e+00 9.050417052826690067e+00 2.944485634847080924e+00 7.272381835032437181e+00 1.295489650911337831e+00 4.250756873648439793e+00 1.776583256101328612e+00 3.297405004633920278e+00
2.498305467690851989e-02 1.826140985088097260e-02 2.710122006326239064e-02 4.271915951197450406e-02 1.815973791233623652e-02 9.624943515589534995e-03 2.416967916854927470e-02 4.235201084500642144e-02 1.645955716222290491e-02 3.151830094893798284e-02
4.961655172413790282e-01 1.315144827586207432e+00 1.730703448275862755e+00 6.591834482758621050e+00 1.641958620689655035e+00 4.096689655172413680e+00 8.542896551724138421e-01 3.982482758620689012e+00 1.062731034482760295e+00 9.103172413793108042e-01
1.751390298355997466e+00 5.462778792594095156e-01 7.863946958933771825e-01 3.831517939697364206e-01 6.310308278646008517e-01 5.812597253230498140e-01 3.968856414766701590e-01 3.336321403603725422e+00 5.114764449856799011e-01 8.732516969983987742e-01
5.214519868873428443e-01 4.485807947549369512e-01 4.565523306948109372e-01 7.155432957543778061e-01 5.690493323738706755e-01 3.168385704005758918e-01 1.742304309586630851e-01 1.912680898696729859e+00 4.410809946430003237e-01 9.079715359398736751e-01
7.599449476114366497e+00 1.565481264429053887e+00 1.548397265139406898e+00 7.068975315219321764e+00 8.126584976025572615e+00 5.798055407565264829e+00 7.675324098739120249e-01 2.973567305984727227e+01 3.187879595098562113e+00 5.367243828804829420e+00
2.360593145089681766e+00 9.286805185579831701e-01 8.399041022908896315e-01 5.604208843899839643e+00 2.881814952939086183e+00 2.604368673415023760e+00 5.732019179541820719e-01 1.377407210087018363e+01 1.964002841413603262e+00 2.771195169596875729e+00
1.817566137566137741e+01 2.598962148962149499e+00 3.888665038665037876e+00 7.489390856057523749e+00 2.077775064441730990e+01 3.605806539139872147e+00 1.546540496540496967e+00 5.076819970153303530e+01 1.309802604802604975e+01 1.235560303893637268e+01
1.100000000000000755e+00 2.760271856657400824e-01 8.397281433426019293e-01 3.027031201729997179e+00 1.817856039542786517e+00 1.179487179487179960e+00 6.526413345690449397e-01 7.802965708989805016e+00 1.356719184430028591e+00 1.889156626506025116e+00
6.213285133303214853e-04 3.767510167193822111e-03 7.727067329417059392e-03 6.953230908269325550e-03 2.208540442837758806e-03 5.241753276095795569e-03 1.513782196113877716e-03 2.231134206958685067e-03 6.309308630817911379e-03 3.185720741075448795e-03
1.490013793103448059e+00 3.032275862068968819e-01 6.796965517241372323e-01 3.970868965517242000e+00 2.177186206896551290e+00 1.815751724137930845e+00 4.926896551724152529e-01 9.186620689655169869e+00 1.071889655172414191e+00 1.420772413793104150e+00
9.979266175044537945e+00 2.046356809417495093e+00 6.216854971472386637e+00 7.233770831923867384e+00 2.152162911846288296e+01 4.946298175585774004e+00 1.625604943283044390e+00 5.367514376564508893e+01 1.342992129535664825e+00 4.678305482263265702e+00
7.287710881906131810e+00 1.540993043895416692e+00 4.577972335492122902e+00 5.577292716078995127e+00 1.825831934116894573e+01 5.424114495882305320e+00 1.401607100023986696e+00 3.738175421763812523e+01 1.588918205804749517e+00 4.547965139521867428e+00
1.877822322855620740e+01 7.410486592079561063e+00 2.039965370271710299e+01 3.123705380927011177e+01 7.356601402947967472e+01 6.661649795773396221e+00 7.862151482862724805e+00 1.485938598827916906e+02 1.108946901083288950e+01 1.089289202628307862e+01
1.094425501687089408e+01 2.482987036050435137e+00 7.566666666666666430e+00 8.451198721363878619e+00 4.260774285206890966e+01 5.858639673237435730e+00 2.221026460664181190e+00 9.320969632392115045e+01 2.668815485704138180e+00 5.966293731131237621e+00
5.551691086691086241e+01 1.327936507936507837e+01 3.861918328584995663e+01 6.153329263329263199e+01 1.039647334147334163e+02 2.139180572513905787e+01 1.441068376068376011e+01 2.364480667480667364e+02 1.554356261022927654e+01 3.430362908696241675e+01
9.667099165894347479e+00 3.492029657089898098e+00 7.966635773864690684e+00 1.053435279579857742e+01 3.300914426938523150e+01 6.940376892184120905e+00 2.455081865925240248e+00 8.742557924003706660e+01 3.158541859746678782e+00 6.439264751312946622e+00
1.242657026660598518e-03 3.857885223678136910e-03 8.280614550384091110e-03 7.450293718933531824e-03 2.152056032535010557e-03 5.552417532760889687e-03 1.056258472661542091e-03 1.621102575689104160e-03 5.388612742882947955e-03 2.586985991866241896e-03
7.212165517241379220e+00 2.102896551724136920e+00 6.915089655172413252e+00 7.852027586206896004e+00 1.868297931034482673e+01 1.627668965517241162e+00 3.167144827586207523e+00 4.400383448275862008e+01 2.971062068965518499e+00 4.914234482758619293e+00
1.294944689761914791e+00 3.491350662357173840e-01 1.328028406245731929e+00 4.360568124914644628e+00 5.711112122729545826e-01 1.197373332726362483e+00 3.576592160968724565e-01 4.090503937724769834e+00 2.480843993262621172e+00 7.142964446670013734e-01
8.954325371207227935e-01 2.353938024531957163e-01 2.229018721755970933e-01 4.174160748870238358e+00 6.233295674628793748e-01 1.612330535829567646e+00 4.714896707553259403e-01 2.895650419625564798e+00 7.885732730794060563e-01 1.410345384118783518e-01
6.561965495342928278e+00 1.997840812870448124e+00 4.081382303132938816e+00 2.052718035563082566e+01 3.528090601185435382e+00 1.463733594411515782e+01 1.263209144792547978e+00 3.108427180355630526e+01 1.272041701947501657e+00 2.681419348010160242e+00
3.540071972904317743e+00 5.881033022861990034e-01 9.671888230313290258e-01 6.565622353937341060e+00 3.756773920406434097e+00 4.011388653683319205e+00 6.841871295512282902e-01 1.722523285351397249e+01 1.175148179508890500e+00 2.357705334462319335e+00
6.977791099513364514e+00 1.924606812892306174e+00 8.781331546653500908e+00 5.032610903448762230e+01 1.059075393187107750e+01 1.501694054587770566e+01 5.310945764863530982e+00 1.836712038930813407e+01 1.716654206925735338e+01 8.909619860356865928e+00
2.340379055573400535e+00 9.601349180854475973e-01 1.003405075489880449e+00 7.613459685191133808e+00 1.998779312560231336e+00 4.292997108898169323e+00 4.270157404433029824e-01 1.109103758432380360e+01 8.991647928043690063e-01 1.936427883070992229e+00
3.817242189335212752e-04 2.636833450786924167e-03 5.467465351186296535e-03 5.144467935165620079e-03 1.432933991073537423e-03 3.089029833215884389e-03 1.168663377965728500e-03 1.256753582334968651e-03 4.856706600892668653e-03 2.161146347192866111e-03
2.470633782621164620e+00 1.048580441640378114e+00 7.687697160883264491e-01 5.472268425580728568e+00 3.725982219673071416e+00 4.155377114998566768e+00 3.955835962145107798e-01 1.119082305706911384e+01 1.748264984227128949e+00 1.865098938915974225e+00
2.151100935213451848e+01 5.238576343460770168e-01 9.913095411154722925e+00 1.598875563308620329e+01 4.390016232979600375e+01 3.975447012647186362e+00 3.688908271551098128e+00 1.361099166545525065e+02 3.637738043320250192e+00 1.017568929592479599e+01
1.316684418484796559e+01 1.454062875794536858e+00 8.157404226077993314e+00 1.165588386875107396e+01 2.979926129531008172e+01 3.172083834392716462e+00 2.894691633739906678e+00 7.473714997423122952e+01 4.511235182958254875e+00 5.684444253564679528e+00
3.118973228346456850e+01 1.145299527559055264e+01 2.680848503937008331e+01 3.698609133858268194e+01 8.174553070866141979e+01 1.299379527559055170e+01 1.125735433070866165e+01 1.432637795275590520e+02 9.211766929133858639e+00 1.945814803149606220e+01
1.849349962207105236e+01 4.826203073822122214e+00 7.880347694633409894e+00 1.330108339632149139e+01 3.943376165280926671e+01 6.956210632401108818e+00 4.330990173847316882e+00 7.778667170571931422e+01 1.599017384731670433e+00 9.958075081884606661e+00
5.862653300351516350e+01 2.997190469990886896e+01 8.762715792214555677e+01 1.160195807837521045e+02 1.082079807316755762e+02 1.181583127196979532e+01 3.372163780757713880e+01 1.684966801197760446e+02 4.385027991146986182e+01 4.170261684676474090e+01
1.713926453143535156e+01 5.040213523131674478e+00 1.101524317912218187e+01 1.737123368920521926e+01 4.543564650059312982e+01 3.547924080664293545e+00 5.251423487544485624e+00 8.833629893238433795e+01 3.944899169632265501e+00 1.130937129300118471e+01
4.124158261321923119e-02 2.866680153752778487e-02 6.037397763070430357e-02 7.473223317245167863e-01 2.851073668391083948e-02 4.574434264905651720e-02 1.378861882604545154e-02 2.078263633999009180e-02 6.669749429207218194e-02 4.420970492182278722e-02
1.154353655094552877e+01 2.671394298616990515e+00 8.158298052497883646e+00 1.070053626869884233e+01 2.363031329381879786e+01 4.746429579452440706e+00 3.029508890770534091e+00 6.518697431555179378e+01 2.973779283093423764e+00 7.571351961614450232e+00
3.603725503461768266e-03 5.531876508129774175e-03 6.641409016079173611e-03 4.972599959407441803e-03 9.512211623029585839e-03 3.260943102631819364e-03 1.116072435333669358e-02 7.854678303227136463e-03 5.103398507092476825e-03 4.981620548902986403e-03
8.037099224434333944e-02 3.484448708723119487e-02 3.417286319660976790e-02 5.764771727832390669e-02 2.191572719277213449e-02 4.727752458623164789e-02 3.669145278643991259e-02 3.517230351003444722e-02 4.016950507715687235e-02 5.735188294555035315e-02
7.441839815308166906e-02 5.967412537737525058e-02 8.402592789912990967e-02 1.097096430474163165e-01 7.514207068016397206e-02 1.234993784407740908e-01 7.135943882081394185e-02 1.350648197478246937e-01 5.823122003196573582e-02 6.210708577517291828e-02
9.353578405256589290e-02 1.196412715325873982e-01 9.548925590481245618e-02 1.725270822234060697e-01 7.451607174569360725e-02 1.215059492097318311e-01 1.231752797016515827e-01 1.584088083821700299e-01 1.278458533120228613e-01 1.077783697389449458e-01
1.883055216388530156e-02 3.465608465608439881e-02 1.864061864061924284e-02 2.418260751594091332e-02 3.954687288020630048e-02 3.926875593542245024e-02 1.161986161986169191e-02 1.953601953601942498e-02 4.055080721747408856e-02 1.426536426536426268e-02
1.267531665122025863e-01 5.492122335495838170e-01 1.589434661723821141e-01 2.155081865925236317e-01 4.141797961075076029e-01 1.695396972505405775e-01 1.569354340438683104e-01 1.089280197713933113e-01 3.108742662959537162e-01 1.661723818350322457e-01
2.637821961138753050e-03 1.032535020334384226e-02 2.942837776773587957e-03 5.501581563488277919e-03 5.140081337550561624e-03 2.897650248531480864e-03 3.349525530953301189e-03 3.496384997740653502e-03 1.190691369182091987e-02 3.428603705377319608e-03
2.251862068965517771e-01 1.569379310344828360e-01 2.028689655172414286e-01 1.148965517241381101e-01 1.217655172413795728e-01 1.667862068965518529e-01 2.207172413793107024e-01 3.403586206896551669e-01 1.145379310344829954e-01 1.516137931034482467e-01
1.913187375403561097e+00 3.623379143658592705e-01 2.482031649700969234e-01 3.334784679709966504e+00 2.152624243600374410e+00 2.045877952825361668e+00 8.227087486547999262e-01 6.119240336608859465e+00 9.734664714288232545e-01 3.733131626766403421e+00
1.666593695271453957e+00 4.405053790342756126e-01 4.036027020265194332e-01 3.265280210157618157e+00 2.402795846885164899e+00 1.827777082812109155e+00 6.652989742306729681e-01 6.548655241431073470e+00 1.271634976232173031e+00 2.311858894170628176e+00
1.092101998097050242e+01 7.604072312083732799e-01 3.462846812559467580e+00 1.281435585156993362e+01 1.617553187440532980e+01 3.280083729781160695e+00 3.160966698382493334e+00 4.846526736441484218e+01 8.053392959086584924e+00 7.321248334919125078e+00
3.267194397929670036e+00 2.957527782006396100e-01 1.534190896635713397e+00 2.166189678794337325e+00 4.799040949916272503e+00 9.458212817780482506e-01 6.890089815801487827e-01 1.611441619729029995e+01 2.456249048561425674e+00 3.077713502816258107e+00
1.723932072482424260e+01 1.319100901079314880e+00 6.124556886820476720e+00 2.351005050004950903e+01 2.854996534310327760e+01 6.192712149717793935e+00 2.334577680958510371e+00 7.353321120903059693e+01 1.426374888602832058e+01 7.109367264085554083e+00
4.048082995038340570e+00 3.804239963915198031e-01 1.524447451511050211e+00 2.702029769959405137e+00 5.837077131258457285e+00 6.624718087505632180e-01 7.495263870094724945e-01 1.759386558412268897e+01 2.879431664411366665e+00 3.363960306720793714e+00
2.797558494404772883e-04 2.912004069175988443e-03 5.467955239064081936e-03 4.158189216683616865e-03 1.525940996948116444e-03 3.573245167853511539e-03 7.121057985757794917e-04 1.080874872838244504e-03 4.959308240081383538e-03 1.907426246185151084e-03
5.191801242236024905e+00 6.986335403726706694e-01 4.217329192546582561e+00 2.725838509316771852e+00 8.515527950310559646e+00 5.832608695652174546e+00 2.242360248447204718e+00 2.333478260869565091e+01 3.255962732919254421e+00 4.628012422360248124e+00
4.823992459073158656e+00 1.425362137621914105e+00 1.599142027201200245e+00 2.406715657041724743e+00 5.461810591924281866e+00 2.254298520670219741e+00 1.053594444337572433e+00 1.859842448492776512e+01 2.519950753130831167e+00 3.144445299424812656e+00
2.477069976810803542e+00 4.367957986632112766e-01 1.663667985268039828e+00 2.627588323557495276e+00 3.290465148001636475e+00 7.750716136952664481e-01 7.381598690492430226e-01 1.251577547401445933e+01 2.423993998090300472e+00 2.558477697449188515e+00
1.653250062204528703e+01 1.405464045782532700e+00 6.219129136601144303e+00 8.162508086588703193e+00 2.269905946752923498e+01 1.010489176412042767e+01 4.334983826822591979e+00 6.213442647424732712e+01 9.482612590196566771e+00 1.204705648171186816e+01
5.255652866242037646e+00 9.746417197452228454e-01 1.734335191082802430e+00 2.395879777070064165e+00 6.319207802547771813e+00 3.050099522292993193e+00 1.411027070063694211e+00 2.539998009554140168e+01 3.135947452229300048e+00 4.359852707006369954e+00
2.973047291487532462e+01 5.876139294926913337e+00 5.099114359415304776e+00 4.328760963026655872e+01 4.006067927773000292e+01 8.389165950128976590e+00 1.552155631986242312e+01 1.265352020636285602e+02 2.387663800515907297e+01 2.863414445399828168e+01
5.000352388410336246e+00 8.342599843382922931e-01 1.908613938919341502e+00 1.187431480031323039e+00 6.818285043069695739e+00 2.391816758026624523e+00 1.507478465152701341e+00 2.445403288958496191e+01 3.567580266249021470e+00 5.067149569303054157e+00
5.015116485861392803e-04 5.214298417215124451e-03 8.959630090698977520e-03 8.369197937044280805e-03 4.033434109905731021e-03 5.143162013160285095e-03 1.063489240618908840e-03 4.552729859505677719e-03 7.145651787302098774e-03 6.583674195269352200e-03
3.655619246135139555e+00 2.808407156505124402e-01 1.560326558971687483e+00 1.349279138440161674e+00 5.129425047767934842e+00 1.174465867639396421e+00 1.448375890220601647e+00 1.766812575994441659e+01 2.336529442417925484e+00 3.122251172485668747e+00
2.060468298280846433e-01 1.081389446737144600e-01 4.742016639816387658e-01 1.614907421711208713e+00 1.719021031492067308e-01 5.672147065963406565e-01 3.811047602233355036e-01 7.414627148941814738e-01 2.026570741288373223e-01 3.611833248736566748e-01
3.875283624129568505e-01 4.392222830764415109e-01 1.000547687974336686e+00 6.950700258195759318e+00 7.105860261325379346e-02 2.348063531805022919e+00 8.957828025975997366e-02 4.263829121352006979e+00 4.082309678428916455e-01 1.093239965573898687e+00
5.309111696046368012e-01 4.581372470819702336e-01 5.615902262635930953e+00 2.643333067453670537e+01 9.215415702852888247e-01 8.977506580521657398e+00 6.266517774055460066e-01 1.885031240860386603e+01 2.030126824599186364e+00 2.915519395921406520e+00
3.136233117090290179e-01 2.204190152079125165e-01 1.528395193023503129e+00 7.950228650430713806e+00 1.737743273423377199e-01 2.866861639902158032e+00 1.165053706263962374e-01 5.764458151653728990e+00 5.282888439859625418e-01 1.051292140806125763e+00
2.065813747788729060e+00 3.619250694970938209e+00 1.052597295931261101e+01 6.930384761182713760e+01 1.481317917614354052e+00 2.682398913318170486e+01 1.079498357341420300e+00 4.881607910032853681e+01 2.234160980540813579e+00 9.102154409906493271e+00
4.633956834532368396e-01 3.828489208633094609e-01 1.848776978417266292e+00 1.166313669064748026e+01 4.139280575539570073e-01 4.245928057553957302e+00 4.355683453237412239e-01 7.972172661870502886e+00 6.399424460431655248e-01 1.527971223021582947e+00
4.408670033670059746e-03 8.033459595959614730e-03 2.491056397306398024e-02 2.254313973063973991e-02 1.154776936026936755e-02 1.396254208754209650e-02 3.777356902356898780e-03 1.527251683501685935e-02 1.748737373737373549e-02 1.492529461279468173e-02
3.143114080164445268e-01 3.223278520041111816e-01 1.815236382322713338e+00 9.926721479958889205e+00 2.905447070914700669e-01 4.157990750256938206e+00 1.649537512846867837e-01 7.399614594039054083e+00 7.058324768756423229e-01 1.554213771839670910e+00
1.931895923907042331e-02 1.034934786926489381e-01 2.086972833403218930e-01 1.206519100478889162e-01 5.471498245536611515e-02 7.572440579966042973e-02 5.923686359322933442e-02 3.380685454505329979e-01 3.014146050802231705e-02 1.823803323549531008e-01
2.072998982865194573e-01 1.096314842344104035e+00 8.375792191534304765e-01 3.112549878726234454e+00 3.968781785462796585e-01 2.030122838588528822e+00 3.823253266567565034e-01 1.924497300680697354e+00 2.165088803692989949e-01 1.297707534621703296e+00
1.523501103400601187e+00 3.205322910850548990e+00 3.223299034856823120e+00 9.405405333546037028e+00 4.246151391880033099e-01 7.389670575097710525e+00 7.108665018212756426e-01 7.189705139453883120e+00 1.874470234771742572e+00 4.735824625774374574e+00
2.996703179836232023e-01 1.418642986280975071e+00 1.378687652876742220e+00 6.153121344251834657e+00 4.450600872062108748e-01 3.785589705413165085e+00 3.399553334042330066e-01 4.436679783047962289e+00 1.512389662873555030e-01 8.350207380623199116e-01
2.801920646954763505e+00 1.423013646702046842e+01 1.330561662875916085e+01 4.134381475865554734e+01 1.055327268132423413e+01 2.508606899166034765e+01 8.058914581753853668e+00 2.215636214303765428e+01 5.396973717462723918e+00 1.597075435936315380e+01
2.889496402877697045e-01 1.962388489208632958e+00 1.713726618705035731e+00 6.097985611510790882e+00 8.004316546762589857e-01 4.214705035971222813e+00 7.962014388489211392e-01 3.972201438848921295e+00 3.071079136690649247e-01 2.073582733812949996e+00
9.643308080808109944e-03 2.278514309764313392e-02 3.374894781144784778e-02 3.234427609427617534e-02 2.890361952861956324e-02 2.203808922558927325e-02 2.118581649831650579e-02 3.380155723905720055e-02 5.162563131313134546e-02 2.015993265993264519e-02
8.605858170606368596e-01 1.777929085303185275e+00 1.396197327852004566e+00 5.807733812949640750e+00 6.294450154162387623e-01 3.967651593011304101e+00 5.442959917780064716e-01 5.296274409044193554e+00 5.668036998972250107e-01 1.395606372045221200e+00
3.777597365987885036e-02 6.149583925309524135e-01 4.508084703335362708e-01 5.389328642626796118e-01 6.514579527772141887e-01 1.864312292808334881e+00 1.504679430800805739e-01 1.463743995670117481e+00 6.022010238369082114e-01 9.892429470265881597e-02
5.400255856720234116e-01 5.243943391700649492e-01 4.483729111697452030e-01 1.386647477412648932e+00 1.022059646597905269e+00 1.181810186295674026e+00 4.216278883825058665e-01 2.695906292476214716e+00 7.839289997601344151e-01 1.501399216438791540e-01
4.116409163558870432e+00 1.775133191262653343e+00 5.999911205824896676e+00 1.281929053454093292e+01 6.865072811223583038e+00 8.160730776061090097e+00 1.983515361392292009e+00 3.231664002841414174e+01 4.749662582134612343e+00 1.729417510211330722e+00
8.915823122003193602e-01 2.759900550523890495e-01 3.511969454803764101e+00 1.329053454093411268e+01 3.058089149351802760e+00 8.666293731131236910e+00 5.663647664713200580e-01 2.163716924169774458e+01 1.556473095364944381e+00 1.236316817616764263e+00
4.374304707638041023e+00 2.165438882105548579e+00 1.826556098222764746e+01 4.702158458825125109e+01 1.554003527336860557e+01 2.265055623388956718e+01 1.819875186541852319e+00 8.697611585944919455e+01 6.562874779541446379e+00 2.500284900284900136e+00
7.897126969416121689e-01 7.579857893110902856e-01 2.592709298733396395e+00 6.924343527957986133e+00 2.463700957676861147e+00 4.440438677788076660e+00 5.442693852332403104e-01 1.369283286994130577e+01 1.371887550200802774e+00 4.497683039851713138e-01
7.230004518752409029e-03 5.682331676457074918e-03 1.941369182105722249e-02 1.031348847718027428e-01 7.862629914143636975e-03 1.150022593764098502e-02 4.484862178038872757e-03 1.964527790329766849e-02 2.523158608224098862e-02 1.559534568459090137e-02
1.484579310344828151e+00 4.649379310344829985e-01 1.372662068965517346e+00 4.028055172413793628e+00 2.915062068965518005e+00 1.520220689655172652e+00 6.572965517241380340e-01 1.086110344827586260e+01 1.139586206896552323e+00 5.801931034482760152e-01
1.791538756715282954e-03 1.243284727551803408e-02 1.797222755180352682e-01 4.604278587874135326e-02 1.601592478894859131e-02 1.844301611665386323e-02 3.029787029930927286e-02 1.197476976208748933e-01 2.168553338449730195e-02 1.142339792785878466e-01
3.364509820593490630e-02 5.063344953660407766e-02 2.809540005101606730e-01 3.142674942606920596e-01 1.538134512371402626e-02 1.559391208230593295e-01 7.614998724598247282e-02 4.800612192840744141e-01 2.470878326672904662e-02 3.173539664994472487e-01
2.291446121675488334e-01 1.234463830621446989e-01 1.079402731490557432e+00 5.249950990001954476e-02 3.912892896817617427e-01 5.335685813239234854e-01 1.175194406325556912e-01 1.363281709468731728e+00 4.881983924720643131e-01 1.028216689537999162e+00
5.564819654992159137e-01 1.855854678515420630e+00 1.836408782017772578e+00 8.914323052796653712e+00 1.190041819132253043e+00 4.444615786722426520e+00 8.939884997386303711e-01 4.791244119184526973e+00 1.382253005750130548e+00 2.493230527966544319e+00
4.304761904761904012e-01 2.618630517900590871e-01 4.528536670142508935e-01 2.563183872088981463e+00 6.267500868960724780e-01 9.830587417448730658e-01 6.492109836635386877e-01 1.210510948905109574e+00 3.554953076120961342e-01 3.773861661452906358e-01
1.236542115262822539e-01 1.025332488917037044e-01 1.860037998733373721e-01 5.940468651044962245e-01 1.698860037998733974e-01 1.814756174794175392e-01 2.136795440151992298e-01 2.414819506016470663e-01 1.112412919569348568e-01 2.670360987967067556e-01
1.927641099855281932e-03 3.820549927641247578e-04 4.903039073806103251e-03 1.047756874095528978e-03 2.321273516642541248e-03 4.266280752532537052e-03 7.525325615050372204e-04 9.817655571635320461e-03 1.898697539797378209e-03 5.973950795947913922e-03
8.292338139666381724e-02 1.424370935821317186e-01 1.699180096126658712e-01 1.870511733107151076e-01 1.129770992366411486e-01 7.367825841108280316e-02 9.657902176986135623e-02 1.991800961266609882e-01 7.294317217981333146e-02 1.297709923664115972e-01
2.666922486569445281e-03 4.772640061396660627e-04 9.593246354566709044e-05 1.436588641596314849e-03 1.400613967766672994e-03 1.510936300844201434e-04 4.748656945510299041e-04 4.528012279355331932e-03 3.429585571757432384e-04 2.901957022256374300e-04
9.346994303205513610e-02 6.817447495961226345e-02 4.745344783606846029e-02 2.977212822038942663e-01 1.731655471473514118e-01 9.514497066575972051e-02 1.205679789133577429e-01 1.064195221494770582e-01 4.857580137743393311e-02 1.659382705552248649e-01
2.605828922433509609e-01 6.788864928445405289e-02 6.055675357772984102e-02 5.116382408678037397e-01 2.823694700385546152e-01 1.972489054433770872e-01 2.321113507155461164e-01 1.743318303600601693e-01 5.681238972750445038e-02 3.812193687512252516e-01
1.223418714061683232e+00 5.741244119184527595e-01 1.195582854155776475e+00 5.161787767903816437e+00 1.330083638264505819e+00 2.174150548876110811e+00 8.334291688447464930e-01 8.118400418191323853e-01 9.523523261892319347e-01 9.287245164662834007e-01
6.851581508515820762e-02 8.390684741049705964e-02 1.260549183176919996e-01 3.817935349322210681e-01 1.660271115745568238e-01 1.821480709071948700e-01 1.152311435523114547e-01 2.291762252346195294e-01 1.112339242266250916e-01 4.519986096628431094e-02
1.318556048131730718e-01 1.924635845471817097e-01 9.778340721975917194e-02 1.459784673844203851e-01 7.770740975300836906e-02 8.575047498416697722e-02 5.212159594680177560e-02 9.100696643445210787e-02 1.048448385053831061e-01 1.099113362887904621e-01
1.395079594790194118e-03 4.694645441389289596e-03 6.413892908827812517e-03 1.004920405209844964e-02 2.691751085383508896e-03 5.806078147612148306e-03 1.285094066570213831e-03 1.207525325615055323e-02 1.933429811866860595e-03 2.714905933429823115e-03
5.108849307322567423e-02 7.189708792762208867e-02 8.139666383941196459e-02 5.807181227028570397e-02 1.254170200735085228e-01 8.247102063895955792e-02 8.849307322589734792e-02 5.091885778908648852e-02 1.059089623975120464e-01 4.486853265479222308e-02
2.170113272648854872e-03 4.020838535400540759e-02 1.491430776564592886e-01 1.303271059859714420e-01 4.599913740267407708e-02 8.648446189816808016e-02 2.190543209316050260e-02 6.230449685605973092e-02 9.509908519283594153e-02 9.459514675504507308e-02
9.480080482897365601e-02 3.962977867203217736e-02 1.081770623742457083e-01 1.857545271629778005e-01 1.527726358148894792e-01 7.819718309859161054e-02 7.075251509054318599e-02 4.817384305835007430e-01 1.267847082494967526e-01 1.675492957746480827e-01
6.287430324504170720e-01 2.107980814933242963e-01 1.234200406170332442e+00 6.816402367886613689e-01 1.533690532774489412e+00 9.572873006956746922e-01 4.549712656094715424e-01 3.804074666205764288e+00 1.081087153783001131e+00 1.404446268850192414e+00
8.526443138610431127e-01 2.282232976149322912e-01 3.249740753543040039e-01 1.095212582094711395e+00 1.160024196335982971e+00 3.037849982716901431e-01 4.493432423090213956e-01 3.893639820255788919e+00 6.864327687521600829e-01 1.032509505703421926e+00
9.155993625686133230e-02 1.004013456884849942e-01 5.863719530189459572e-01 5.200967951366369108e-02 3.556808121348049023e-01 2.397096145900963204e-01 1.439886678864430725e-01 4.937555332585730206e-01 4.032461783627456220e-01 3.083043144661511414e-01
1.060483870967739994e-01 1.153494623655915846e-01 1.937903225806449359e-01 2.218548387096774821e-01 1.586021505376340179e-01 1.647849462365594264e-01 1.884408602150537404e-01 3.545161290322580427e-01 2.042473118279569677e-01 2.679032258064517613e-01
3.697916666666663243e-02 7.620287698412664401e-03 9.412202380952373534e-03 2.057601686507936900e-01 4.091641865079366502e-02 1.330605158730159207e-02 3.195684523809520783e-02 5.784350198412693822e-02 9.626736111111112992e-02 7.089533730158729952e-02
7.225923682616595123e-01 1.359479103573588976e-01 2.160205935796486454e-01 3.394912174439738139e-01 1.210720775287704276e+00 4.690187764990917385e-01 2.920351302241065428e-01 2.714990914597211979e+00 4.956692913385828958e-01 4.041187159297398024e-01
2.384610385390265042e-01 1.669656203288492069e-01 4.458308962110883039e-02 1.423181906804449337e-01 2.977123545850393072e-01 1.639045947878077503e-01 6.445375966725166994e-02 1.477221030740235586e-01 3.884382920647297954e-01 7.688633261844408928e-02
1.794700460829490307e-01 2.656566820276496932e-01 5.428571428571413171e-02 6.190668202764975092e-01 2.574193548387097574e-01 1.041129032258065190e-01 7.284562211981557289e-02 4.964746543778799648e-01 1.269815668202763925e-01 6.608294930875552309e-02
2.404689960916992053e+00 1.120976491862568647e+00 1.174636878026016573e+00 6.681088490929242063e+00 3.975914367380271486e+00 2.436148865426122079e+00 1.213364055299539279e+00 9.486110949075424514e+00 1.603599136673861114e+00 4.359038674677712111e-01
1.631007932804479310e+00 3.304013065795612936e-01 1.043723751749883411e+00 5.563579094727018060e+00 1.821208586094260173e+00 1.737820811945870014e+00 3.802146523565095304e-01 6.621068595426971015e+00 1.004199720018665420e+00 4.346943537097526233e-01
2.164410756181195161e+00 8.202670998014793824e-01 5.668471395055043605e-01 2.568372134993682998e+00 3.168381158635625638e+00 4.489261866089151454e-01 8.012181916621543554e-01 4.693620285147085625e+00 1.953059014618300226e+00 2.889812308247608819e+00
5.260994656802296943e-01 4.564734895191123187e-01 6.603370324702013683e-01 4.185162351006987969e+00 9.145910398684750087e-01 1.121249486230990744e+00 5.123304562268805595e-01 3.694451294697903787e+00 2.550760378133989370e-01 3.189066995478837541e-01
6.912096168294579830e-04 3.966942148760321980e-03 9.579263711495100003e-03 4.688204357625835698e-03 3.365890308039065897e-03 4.665664913598832793e-03 1.795642374154848885e-03 9.143501126972243542e-03 5.311795642374161908e-03 2.501878287002268220e-03
1.764036697247704510e-01 4.221651376146790535e-01 5.845137614678896920e-01 3.924000000000000821e+00 5.510825688073394124e-01 1.130568807339450421e+00 4.458348623853209958e-01 3.519009174311926280e+00 6.227155963302752895e-01 5.841834862385321125e-01
4.908378026978717917e-02 1.121607346010077173e-02 7.683650251909637796e-02 2.600967007963595964e-02 1.200572891272550513e-01 7.151389566065334547e-02 6.356858443035917627e-02 1.466317243620997857e-01 3.160856492767753767e-02 5.396960832114418988e-02
4.690290982425814048e-02 4.277585710169980182e-02 1.870642466148084992e-01 2.891313742437338630e-01 9.685969461250364121e-02 1.804667242869489596e-01 3.291558628637288042e-02 5.152837798905214317e-01 4.624027657735525071e-02 2.777297608758282355e-01
4.797409498505475489e-02 9.314734861064982718e-02 9.218587401749140930e-01 6.053193844791320277e-01 2.025683604561053508e-01 5.838702535148894146e-01 1.256780693014501460e-01 1.608302889405513136e+00 3.345732314845566435e-01 7.182552861729216698e-01
5.768821966341889373e-01 5.839681133746682518e-01 1.702480070859166972e+00 1.084712134632417957e+01 7.371789193976969745e-01 7.487333923826393622e+00 8.940434012400360064e-01 6.336337466784764949e+00 1.038175376439326669e+00 2.371966341895483055e+00
1.014485926274880101e-01 1.523201036391468033e-01 3.752208220468727928e-01 6.185667177010953921e-01 3.856259568955364703e-01 2.669355788481922453e-01 3.130078907078081007e-01 5.914909904604874757e-01 1.793663879401720951e-01 2.168178070898601761e-01
1.021185304371144409e-01 8.085277554304066971e-02 1.938589434164651737e-01 5.095467953875034706e-01 1.341378385626172953e-01 2.079377849289351654e-01 7.819790828640367508e-02 3.689997318315905162e-01 9.739876642531478113e-02 1.768570662375971714e-01
1.539593037509179481e-03 1.029664133366015076e-03 4.682520225545484110e-03 1.000245158127011135e-03 3.873498406472175755e-03 3.044863937239528258e-03 6.815395930375167666e-04 6.320176513851439096e-03 2.186810492767832150e-03 3.947045844569752396e-03
8.074712643678186308e-02 1.003831417624522632e-01 9.298371647509556803e-02 3.041906130268202113e-01 9.370210727969342790e-02 1.437260536398466959e-01 9.403735632183911342e-02 3.161159003831418568e-01 9.597701149425287570e-02 6.664272030651334500e-02
2.835649613341768571e-01 4.255497151663593658e-01 6.891708176239095263e-01 1.719349423452679160e+00 3.084459366485950427e-01 6.305060957151117362e-01 1.451385639981286890e-01 2.840784874920879499e+00 5.884938217244130021e-01 9.947133775490543117e-01
1.698604741926037776e-01 5.575275636647477606e-01 3.638403746706996289e-01 1.143740852766123250e+00 2.304419943409113380e-01 9.144599473119323640e-01 1.510391257683675881e-01 1.884515562493901619e+00 5.349692652941752113e-01 3.684944872670503080e-01
1.457242261857154775e+00 6.836959129808844793e+00 3.946932736143326181e+00 2.489256978325202496e+01 2.465976165720227264e+00 1.094697272654562603e+01 7.417499800047987479e-01 2.833651923538350559e+01 2.841837958889866567e+00 3.619939214588499432e+00
1.139347408829174846e+00 8.308381317978243974e-01 3.757485604606526142e+00 2.112300063979526499e+01 2.824632117722329028e+00 6.747344849648111875e+00 7.554702495201537360e-01 2.373026231605885883e+01 1.514843250159949140e+00 2.259085092770313885e+00
3.162484157160963427e+00 5.685052281368820459e+00 9.365502217997464740e+00 6.180677281368821951e+01 1.886953422053232243e+00 1.655777091254752875e+01 1.258467997465145816e+00 3.829011406844107057e+01 7.382533269961977673e+00 1.392838244613434817e+01
7.403318903318900635e-01 2.133910533910532870e+00 1.783044733044732544e+00 1.126489898989898997e+01 1.761507936507936911e+00 4.432900432900434673e+00 3.067099567099559332e-01 1.325389610389610340e+01 1.920670995670994641e+00 1.873737373737373924e+00
2.902374670185059458e-04 7.453825857519858150e-04 1.695250659630598332e-03 1.715039577836430197e-03 6.134564643799467849e-04 9.102902374670374759e-04 3.100263852242823534e-04 7.519788918205927864e-04 1.503957783641185573e-03 8.773087071240137863e-04
9.340850515463920978e-01 5.319587628865976026e-01 1.543492268041237070e+00 5.474710051546390233e+00 1.567847938144329989e+00 2.350418814432989389e+00 3.088917525773194894e-01 8.271874999999999645e+00 7.906894329896905216e-01 6.882731958762885460e-01
6.995515450374891309e+00 1.722541985812735987e+00 2.759111578181524305e+00 7.955045370950466932e+00 8.832784301044847908e+00 7.170855479881166339e+00 6.883712940320529938e-01 3.971599805986136289e+01 3.277870293648066369e+00 5.804270325983710954e+00
4.834355520527333638e+00 1.821265314895751164e+00 1.979035609371641691e+00 5.764297485132908960e+00 5.285548470301639767e+00 3.164096868954645814e+00 1.120462850182703640e+00 2.377831195815719667e+01 2.167707960163359537e+00 3.472257648491797077e+00
2.233644852775058354e+01 5.520551246328788686e+00 9.661232020483470961e+00 1.193497251299043604e+01 2.655285789592589651e+01 2.254976278334211770e+01 6.972512990436026570e+00 9.053177950146850606e+01 2.002634234505610422e+01 1.634031177046464478e+01
9.852078313253011643e+00 4.582921686746987966e+00 4.426054216867469471e+00 1.354454819277108335e+01 1.414096385542168477e+01 1.256563253012048165e+01 3.863915662650601490e+00 6.102448795180723096e+01 6.000060240963855485e+00 1.096855421686746901e+01
4.264152494151861816e+01 7.625036353290763458e+00 3.874653853448819962e+00 1.208966934311184005e+01 4.463188341657710367e+01 2.528358095719795529e+01 9.896769298855662811e+00 8.942709110450780940e+01 3.016997534298539563e+01 3.012331036226844461e+01
8.038295421825511156e+00 2.492254534984163161e+00 3.512899510509646106e+00 4.233602073135616983e+00 1.067624532104808566e+01 5.103340051828389790e+00 1.012467607255974400e+00 3.172738266628275028e+01 6.217103368845378064e+00 8.690987618773393208e+00
5.369551484523560781e-04 1.689829437776457777e-03 3.142766898294391525e-03 2.921667719519938176e-03 1.931985681196091067e-03 1.905664350389579820e-03 1.000210570646509287e-03 2.558433354390421237e-03 1.595072646873030298e-03 1.800379027163634578e-03
5.149614395886889184e+00 3.669408740359900722e-01 2.898611825192801916e+00 2.291002570694088192e+00 6.374910025706940431e+00 3.500411311053985397e+00 2.082313624678662656e+00 2.283475578406169504e+01 2.358637532133676551e+00 3.972185089974292982e+00
1.162247762554885350e-01 3.196247330661996511e-01 1.232212011421167430e+00 1.399373755308683576e+00 3.924778654893585350e-01 2.374331165870864346e-01 2.515344194639729802e-01 1.428200206348825496e+00 6.190440770688868666e-01 5.524749862034215031e-01
1.815142492556354736e-01 3.223224159931945554e-01 7.353891960867720012e-01 1.261037856231391086e+00 4.557720119098253586e-01 1.332028923862185465e-01 2.305401956614207271e-01 1.146609953211399358e+00 4.485410463632497624e-01 5.976265418970653220e-01
8.168774824320195194e+00 2.324671555148181579e+00 2.492911701802627888e+00 8.857325084020777339e+00 1.102217384662389321e+01 4.751474182706997063e+00 6.435548426520012910e+00 1.190892147876565943e+01 6.009165902841430373e+00 1.716582645890620151e+00
2.869935838680109708e+00 4.381026581118240948e+00 8.949526428353191676e+00 2.400672166208371294e+01 4.237091353498319890e+00 1.273556370302475038e+01 8.259700580507181034e-01 2.614805988389856495e+01 2.010174152153988203e+00 5.260433852734494486e+00
2.067161344774229637e+00 4.515262343508230636e-01 2.034041356027570302e+00 1.578681952454634718e+00 4.258390772260514545e+00 1.592024194682796878e+00 1.518518779012518971e+00 4.572809115206077024e+00 2.317470811647207807e+00 4.701997467998310087e-01
4.306662395900063167e+00 6.524343369634845180e-01 6.372517616912236615e-01 2.092729019859064454e+00 5.355797565663036330e+00 1.934561178731581954e+00 1.781005765534913188e+00 1.089256886611146413e+01 3.116303651505446748e+00 2.375592568866112142e+00
2.459736456807970484e-04 1.142020497803752964e-03 3.338213762811126362e-03 2.412884333821352627e-03 9.194729136163704453e-04 1.879941434846266191e-03 5.036603221083458138e-04 9.663250366032106716e-04 2.442166910688125993e-03 1.505124450951656053e-03
3.583209382151029132e+00 1.398741418764301692e+00 1.145509153318077900e+00 1.211012585812357267e+00 4.244364988558352536e+00 2.058209382151030109e+00 7.224828375286036497e-01 1.180411899313501145e+01 2.478403890160183476e+00 2.527116704805491221e+00
2.940710703745472165e-02 1.058737433116587745e-01 1.361374379153969527e-01 1.653593108908990583e+00 1.012404923578952426e-01 5.294766897809343176e-01 3.055882141228973697e-02 1.428221800993353829e+00 3.351320872423638186e-01 1.505962521294718637e-01
5.453849425776292892e-02 4.587834963845184577e-02 2.009187579753295982e-01 2.092607401105912590e+00 4.295193534666108537e-02 6.507698851552529140e-01 1.452828583581454169e-01 1.739506592939174645e+00 4.719693747341557333e-01 2.006125053168863470e-01
2.606782768102657855e-01 6.405973113351667303e-01 3.124274366025053262e-01 9.759257561869844722e+00 1.172853651084631854e-01 3.658906202260922669e+00 1.087801710968530511e+00 8.863534983195844319e+00 2.038412771157958936e+00 5.946150320806601330e-01
2.409715857011915374e-01 1.347418270699664022e+00 4.473021692636725000e+00 2.091292392300641900e+00 1.303758020164985876e+00 6.934922089825850122e-01 3.622059272838374921e-01 2.264375190956310568e+00 1.974946532233425200e+00 1.691109074243813071e+00
4.597411731607817797e-01 6.813616542411022881e-01 1.353847235898158474e-01 9.394640596427064949e+00 6.547334364889577651e-01 3.976712617808412009e+00 8.181741454494302346e-01 7.024257982838655323e+00 1.463560275706850433e+00 4.282740188493455724e-01
1.845932094811023605e-01 2.202114029468288381e-01 2.880204996796925654e-01 2.585105701473414896e+00 1.484625240230622867e-01 9.817745035233820250e-01 1.795964125560537972e-01 2.122229340166559730e+00 4.684497117232542251e-01 1.301729660474057193e-01
8.784773060029338332e-04 1.997071742313305445e-03 5.973645680819884493e-03 4.679355783308913885e-03 2.008784773060046103e-03 3.859443631039494692e-03 3.513909224011402591e-04 3.906295754026356710e-03 3.689604685212310910e-03 2.430453879941430004e-03
1.559210526315789880e-01 2.784324942791765456e-01 4.823512585812357312e-01 2.161784897025171848e+00 2.280892448512586435e-01 9.921338672768875711e-01 8.458237986270027153e-02 2.401287185354691545e+00 3.426487414187643354e-01 1.888443935926774342e-01
1.677695589453976344e-01 5.651146373653348487e-02 2.502225223289646916e-01 5.982014057272621449e-03 2.655228507412289718e-02 1.782020195819648545e-01 9.151959731131641129e-02 1.955127221386698255e-01 1.957828182069303868e-01 1.929959178662410957e-01
1.119586507072905107e-01 4.649619151251373206e-02 1.855495103373232813e-01 5.409140369967355144e-02 4.039173014145808205e-02 1.272470076169749942e-01 4.384113166485314322e-02 4.030467899891185812e-01 1.408378672470075310e-01 1.824156692056583817e-01
8.005730389854390783e-01 2.159699389384685808e-01 1.107806481916392638e+00 1.184030061061531525e+00 8.130859558478160665e-01 7.382339126350397907e-01 1.293189290746827869e-01 2.360253640206670056e+00 3.796993893846874468e-01 6.893377172381400797e-01
8.001127395715899038e-01 5.748214956783163077e-01 2.476512589252165275e-01 3.267192784667417027e-01 9.024051108605798399e-01 8.651634723788054204e-01 1.807966929725673411e-01 3.717023675310033859e+00 3.730928222472753020e-01 8.333333333333328152e-01
7.134683544303801472e-01 7.183122362869195920e-02 5.074261603375527230e-01 4.430970464135022824e-01 4.967004219409286159e-01 1.803206751054854950e-01 1.232236286919830143e-01 2.309873417721516886e-01 1.355021097046416600e-01 7.619409282700413677e-02
3.360491929285163715e-01 1.807071483474250451e-01 2.553420445810916095e-01 2.380476556495007279e-01 2.021137586471943304e-01 2.120676402767104340e-01 1.478478093774020785e-01 8.837432744043050015e-01 1.044965411222138485e-01 1.159108378170641829e-01
1.552932264377238124e-03 2.335711129347939666e-04 6.249605454201057064e-04 4.633545862003651816e-03 1.628685057761503205e-03 4.545167603055344291e-04 4.671422258695767660e-04 3.257370115523006409e-03 3.497253961239832603e-03 2.253645603181619970e-03
5.037299630086321534e-01 1.151972872996298719e-01 1.706535141800247235e-01 3.762022194821210697e-01 8.175709001233049111e-01 3.491060419235512136e-01 1.506473489519111197e-01 2.705826140567200611e+00 1.925709001233044115e-01 5.615906288532676038e-01
2.474098000975134271e-01 1.338188688444661156e-01 3.935519258898098061e-01 6.469608321144158791e-02 2.116467576791808969e-01 1.044510807736063196e-01 9.154883796522023109e-02 1.991548837965220198e-01 1.508715260848366713e-01 1.175808548675442849e-01
9.415154134255254714e-02 2.256266205704406946e-01 4.124099683088447987e-01 2.121074618265631484e-01 1.549409392106021466e-01 2.186833765485453884e-01 2.162201094785360864e-02 3.923653125900318228e-01 7.296168251224434409e-02 2.975007202535292494e-01
3.413871360566811952e-01 5.979353481678291171e-01 1.435220856858186567e+00 9.638160079707733807e-01 8.833167275545221742e-01 7.123104173585736998e-01 2.200874571017377712e-01 1.475345953725229586e+00 5.396988818775600993e-01 1.102247315399092153e+00
3.016164747564225035e-01 7.408104517271929534e-01 6.785651018600533657e-01 2.996169176262178269e+00 8.180248007085918482e-01 1.909986713906111078e+00 4.673383525243597902e-01 3.128343666961912461e+00 2.638618246235598375e-01 1.322032772364924558e+00
3.017018019079025226e-01 5.593334118478390238e-01 9.945648333529618634e-01 3.100718407725826964e+00 8.627782357790603207e-01 8.254563655635377417e-01 4.649746790719584966e-01 6.582558002590978008e-01 3.637851843128019347e-01 6.873807560946884054e-01
1.384017162778223842e-01 1.857066237597210512e-01 4.104585679806919685e-01 6.934030571198711579e-01 2.951997854652722575e-01 1.181281844998660069e-01 1.886832931080719700e-01 8.171091445427708377e-02 1.667203003486186219e-01 1.930544381871815429e-01
2.177004167688156942e-03 4.020593282667350504e-04 4.584456974748707739e-03 2.647707771512686323e-04 3.559696003922541326e-03 3.672468742338797117e-03 1.225790634959545052e-03 8.845305221868104972e-03 3.280215739151748442e-03 6.442755577347391779e-03
1.663553639846743759e-01 9.315134099616853569e-02 2.500478927203065305e-01 7.076628352490419438e-01 1.481321839080461389e-01 2.769875478927204537e-01 2.014128352490421603e-01 3.951149425287356909e-01 1.531848659003832158e-01 1.088840996168582431e-01
3.603917125283261774e-02 2.244658465522818974e-02 2.733894464227907412e-02 4.840158627387503021e-02 4.785124635804468424e-02 2.633538361929428639e-02 1.711719002913569820e-02 1.057947555843314486e-01 5.643007445775331810e-02 3.787633538361923763e-02
8.571162123385934750e-01 1.178048780487801345e-01 2.490817790530844289e-01 3.733715925394552881e-01 1.096154949784790666e+00 4.622955523672884759e-01 2.203873744619793684e-01 2.901678622668578900e+00 6.032711621233859400e-01 6.201291248206599604e-01
6.746456558043928409e-02 4.721877274868321872e-02 2.509142294351903724e-01 1.806234745000642183e-01 1.695456686507085808e-01 1.470517706504517463e-01 1.822463923264680194e-02 3.022352588532521978e-01 2.129233931400671687e-01 1.777715925148803389e-01
8.954563182527299769e-01 2.829173166926677307e-01 3.437792511700470399e-01 3.071372854914199424e-01 1.188085023400935913e+00 1.025799531981279156e+00 1.817277691107644366e-01 4.884496879875194431e+00 8.383190327613102566e-01 8.961388455538221720e-01
2.191326765491197291e-03 1.648098701777000845e-03 4.981125126599761366e-03 4.502347850105859264e-03 5.938679679587510925e-03 2.937114446183585956e-03 2.154497744222438893e-03 8.240493508884994683e-03 4.391860786299561954e-03 5.432280637142062468e-03
1.596807553956835157e+00 2.413219424460449347e-01 3.269784172661875377e-01 5.443345323741010100e-01 1.621807553956836179e+00 1.017491007194245345e+00 4.413219424460432250e-01 5.099775179856115059e+00 9.083183453237412275e-01 1.037410071942446388e+00
