2.369653232054224137e-03 3.833102258955139140e-03 7.029584464774230566e-03 1.681127640133427310e-03 7.331155803434507082e-03 3.977940529228633261e-03 6.461794372307630777e-03 2.435660503213678274e-03 2.025130657760776387e-03 2.595801601003172587e-03
5.434390121199564154e-03 3.112509853115939286e-03 2.519481169965884313e-03 3.657013970561198875e-03 3.616619022250478974e-03 2.934547704261531061e-03 4.340196627313322106e-03 2.274368259758757175e-03 2.805258531494359085e-03 4.735761156416423007e-03
1.559359423578443550e-03 8.102623057604275720e-04 1.238763292456517050e-03 1.805016928067894669e-03 9.860959123319285209e-04 1.158419733888117970e-03 1.209653293275045078e-03 1.587812724395425883e-03 6.910610830106393536e-04 1.141658572252162362e-03
1.818914191169964441e-03 2.985558684755784328e-03 3.193929434676537685e-03 4.813620254588605631e-03 3.382137322380906596e-03 2.337397914833949653e-03 2.972253098736476681e-03 2.986190642188960107e-03 2.567054033874654421e-03 2.144194813276526293e-03
1.571564995868210716e-03 2.458648149268503717e-03 9.856679942769723535e-04 1.282910779172150365e-03 1.904059776187929298e-03 1.057176796709583888e-03 2.123982643515537685e-03 1.385968631715493943e-03 1.316663955824398831e-03 1.226820553183482522e-03
3.715345090399278880e-03 2.797983831825895905e-03 3.740188724491246702e-03 6.235070863619010181e-03 4.525305216726687244e-03 5.451412182844134896e-03 3.885223519004860938e-03 5.731861399394492726e-03 3.543696272234915425e-03 2.934020440365434947e-03
3.308622836402277511e-03 2.775561651935136258e-03 2.578064888288511027e-03 3.249128255203751793e-03 2.904300848979282125e-03 2.630586366940579346e-03 3.643748730331439027e-03 6.323168837711707832e-03 3.469773837588458441e-03 3.165811622064950911e-03
4.208906499448677833e-03 5.894292176023285118e-03 4.342969543548701183e-03 3.629673539484860358e-03 4.929823630807544932e-03 3.453652755607922349e-03 4.648601500039156384e-03 4.417741178482190167e-03 7.407699825649662582e-03 3.459920776309723112e-03
3.500997899010771259e-03 6.692627496320738452e-03 3.455221907838335396e-03 4.978593758916853747e-03 7.654346037441138104e-03 5.093842271754673787e-03 3.955799274361083626e-03 2.521205599869654704e-03 5.520091288395621160e-03 2.832299379665846432e-03
3.134123972114264030e-03 4.031786984158790797e-03 2.167618800370083205e-03 2.884230220428940505e-03 2.491799673453369730e-03 3.268354639564942897e-03 3.604322219293698733e-03 3.326105192237803574e-03 3.804160700011630699e-03 2.976263529719430905e-03
1.955485824782462675e-03 1.766899165400407940e-03 1.873792709300678948e-03 2.269241842842683633e-03 1.264328442860084434e-03 1.502931212740466404e-03 1.406409037454443584e-03 1.317534921623170988e-03 2.171254286975621717e-03 2.447669779220342304e-03
3.548156904682987604e-03 3.796231605316949947e-03 2.323061602899772603e-03 4.503354676854510151e-03 3.372446203820749638e-03 5.123764215030929964e-03 2.868095084190154173e-03 3.885177180533807596e-03 5.206043947799936233e-03 4.873415186301965039e-03
3.925985647974450897e-03 6.270499626309216853e-03 3.370052201545908118e-03 1.956804886982545059e-03 3.925166166146942456e-03 4.295161728728357636e-03 4.325478753974223121e-03 2.490147378838482566e-03 4.549315184039450302e-03 3.440800276819841724e-03
4.188148298485091722e-03 4.445136574147968457e-03 3.939153942716650328e-03 3.548102704111670471e-03 3.322188432127854557e-03 4.157541210431579121e-03 4.320111558741663790e-03 4.324112975380048178e-03 5.368819653205893390e-03 5.717004672634920341e-03
4.268927622560408225e-03 3.655512040712504199e-03 3.889337252743404420e-03 7.058774390810831911e-03 3.635208319867953321e-03 3.522956791616512189e-03 5.379061914189211396e-03 4.402459484042769468e-03 9.016573436131859742e-03 4.021792479394786617e-03
3.734659237752240620e-03 1.204979476366348570e-02 5.389400901111112731e-03 2.755865093166466433e-03 4.707752374201113615e-03 3.232429985526271907e-03 1.072657052928415247e-02 5.593828036652117447e-03 5.544357154968241122e-03 4.563830785809245422e-03
7.344666340350062064e-03 5.656650682625535137e-03 5.175736918465657921e-03 1.785006535566854759e-03 3.471143732160891695e-03 4.676168416398852543e-03 3.537005861247469359e-03 5.940996523505444327e-03 5.736517104670000103e-03 3.390100730569476500e-03
4.515055384062643257e-03 2.546380748001738671e-03 3.063978306805923302e-03 3.360425128714467254e-03 4.308907153273172641e-03 4.886977646594624011e-03 3.206470246412749039e-03 3.047104839520769874e-03 2.064979555056190887e-03 3.566573563710252921e-03
1.447377766929517848e-03 2.889721898107921842e-03 1.849357379114147451e-03 7.915668973026416437e-04 1.226643885671675890e-03 9.410931031157455939e-04 2.374236165785020749e-03 8.930382589415877597e-04 1.306318189486137824e-03 2.801463638666613215e-03
3.313215937597875638e-03 4.352297201726479034e-03 4.392785806814134345e-03 4.598266640755174772e-03 4.751360504536236186e-03 1.927172911443731035e-03 5.578938305659953377e-03 5.200053918148684305e-03 3.752414999037421289e-03 5.297223708260197228e-03
5.539364159322573110e-03 1.991287936278107566e-03 1.661809339882643717e-03 2.525832411718113586e-03 3.880232275690005065e-03 5.928583838672360148e-03 2.532641815898741336e-03 3.073543722053329649e-03 4.190415151187575765e-03 3.509144441818159814e-03
8.364235958212541677e-03 7.168312491338621299e-03 3.828287487107229214e-03 3.198570664645261109e-03 7.072593293951415575e-03 3.098412813643217946e-03 8.703361344792182389e-03 6.058071468729170871e-03 1.034347192254300891e-02 8.534980767962472431e-03
4.993921969851642696e-03 6.281181600657857918e-03 8.092516298670785271e-03 3.485966741423059730e-03 5.234266094409808535e-03 4.641020143312579727e-03 2.570702703275968941e-03 6.465265762010167193e-03 5.543381312905701352e-03 5.554998952701965288e-03
9.842581843982253428e-03 6.008061027909049508e-03 5.233404650572049885e-03 3.440639025135464567e-03 3.161240797049601724e-03 3.997388434239608837e-03 4.249463204804537243e-03 4.834100561345720803e-03 7.991669190808084466e-03 3.779102920894753144e-03
6.218403973916038045e-03 5.173289242672417937e-03 4.416242978380033150e-03 7.759001372567374266e-03 3.975324138898608459e-03 5.889251566990145667e-03 6.029280536507432807e-03 1.473398161696228784e-03 6.363104586594105390e-03 3.043991208801707059e-03
2.397602791719086104e-03 4.149689615166994409e-03 4.504612122857843542e-03 4.088991292303447225e-03 2.909540849607570451e-03 3.969357964855997796e-03 2.675158190761208442e-03 3.688328772029855242e-03 4.349761884179624213e-03 5.359113024032382405e-03
1.499272999051631415e-03 1.183521530505560583e-03 2.997007453065711566e-03 2.899546332395263465e-03 2.639055852464081055e-03 1.560167799145865909e-03 3.448596091445088867e-03 1.482963737662542714e-03 2.581534066079897542e-03 1.663296599447900478e-03
4.212037769770306597e-03 5.629799305691279149e-03 4.410221192338527677e-03 5.255584881621135247e-03 2.521357539468100078e-03 3.901259913245935709e-03 6.272845113301861800e-03 5.637950516775310991e-03 4.289299064241624063e-03 5.054379771383711584e-03
3.418417375100680534e-03 3.809652801420104935e-03 3.835991453266851970e-03 7.505541847199655170e-03 3.516999669526838304e-03 6.879868280257894937e-03 3.019127925774909346e-03 2.563026425918031245e-03 3.335561979517341711e-03 5.467523457917049939e-03
4.953315751293279126e-03 4.303991326473112500e-03 4.586711309903429568e-03 5.342505907299959118e-03 4.662271909434244008e-03 4.463439756086953931e-03 7.219811316377814162e-03 5.034690591741924209e-03 6.537093886945816168e-03 6.383460462065608521e-03
3.605928448679235256e-03 4.839191361673463379e-03 3.133751724447694266e-03 5.828893976308157504e-03 7.448952132327879561e-03 2.147636837179776534e-03 4.339535742702542095e-03 3.717235450991937529e-03 3.893156069120758209e-03 5.404602000030623611e-03
5.071060091193604381e-03 1.043924946411135465e-02 6.160740947291510478e-03 3.337400512364288932e-03 4.950689254098755362e-03 1.002161330878537267e-02 4.199219723145181452e-03 6.331492990620013299e-03 4.906918966304379959e-03 4.544934955879873124e-03
6.364440155812910171e-03 3.473339746549545907e-03 3.504174582125765651e-03 3.246474334046995855e-03 5.827857678058758970e-03 2.941087222586821152e-03 2.771901906959479099e-03 3.053589671637497571e-03 3.047319319503562218e-03 3.022010440299405330e-03
5.450919752265014420e-03 3.359898123838361492e-03 3.355535304136457973e-03 3.007669394665892556e-03 3.863896681951682968e-03 3.603996606174603504e-03 3.274045606226560004e-03 2.072796364734018175e-03 3.651651498017766465e-03 4.639558884494439719e-03
2.779523871577174905e-03 2.258518265039009994e-03 1.966617681672830527e-03 1.199487774968104395e-03 1.933958350105770708e-03 2.119927037550050925e-03 1.664016934430443762e-03 2.676047775135630136e-03 1.918070375029581626e-03 1.699425885410710312e-03
5.297181216152822836e-03 5.496852578061034791e-03 3.448543171750323259e-03 5.482626434744660403e-03 4.477268755970311917e-03 4.552159856444835256e-03 3.525390192255536785e-03 4.753856930560374297e-03 3.350454684276863576e-03 4.724644985939802956e-03
4.268497449367442131e-03 4.425180898231012051e-03 7.984481190564343689e-03 5.986497249549956566e-03 6.785407205185607464e-03 5.802030627362303287e-03 3.758952659255816904e-03 5.585052986930580735e-03 5.012806335321687810e-03 4.140269188802987374e-03
6.064913391559451430e-03 4.976785281525401144e-03 8.235047847229684526e-03 8.662834016329081649e-03 5.045194628947606043e-03 1.017762225395364012e-02 1.045254258704526526e-02 6.236384344323612355e-03 4.826027270958913387e-03 6.779218349488016701e-03
6.244922801909824975e-03 7.344298228556121050e-03 7.247865022974022894e-03 4.480977752656207028e-03 1.145287812572100099e-02 4.053883589437553767e-03 1.091027776848017827e-02 1.431753431326882042e-02 5.843059280698652096e-03 4.674643823776169702e-03
5.768966419042338527e-03 4.366818906885024283e-03 9.638047285676486220e-03 5.174616063797730925e-03 5.292496992063898745e-03 4.518369766201809842e-03 4.168470314365432632e-03 4.969690342541110625e-03 4.949468373855403502e-03 6.169548668464969535e-03
3.820911555812721988e-03 3.455819752257664745e-03 6.210913193443185279e-03 2.625312698313328474e-03 3.742685761352211680e-03 3.564083152705917797e-03 5.231329319646770698e-03 3.874740260239663368e-03 3.551502089014805727e-03 1.119709160887597931e-03
4.101901204596927752e-03 3.918240394966783155e-03 2.635892429434534296e-03 1.646973360440711709e-03 3.332602062892312499e-03 3.236439922943191300e-03 3.681542686788539555e-03 3.986874721942731785e-03 4.158702469533018600e-03 2.798580625600797893e-03
1.547059923980524838e-03 1.240117694758746843e-03 2.112524586205353529e-03 1.255237028645435392e-03 1.739293198432060976e-03 1.161492488907140764e-03 1.974983737351118131e-03 1.642585788262485458e-03 1.453534634667994841e-03 1.913834150614677088e-03
4.360881497196979380e-03 4.940664766148841411e-03 4.161225930423069486e-03 4.350545104157509807e-03 3.838601774014215214e-03 4.667117162997818508e-03 5.039268295745594206e-03 3.795994250017372708e-03 3.492927200070267916e-03 5.649443217661059835e-03
4.419090854741706750e-03 5.052936962869229720e-03 7.580111632214926731e-03 4.320496177386976694e-03 1.036406102339648867e-02 4.129061840598929715e-03 7.837065639107012802e-03 4.159520267004582390e-03 5.900625063741969656e-03 2.996861562542217205e-03
6.635040997422049502e-03 5.813976760564398133e-03 7.847680705507818072e-03 7.540031927486097463e-03 5.660704070807241056e-03 6.834217443187856275e-03 9.204430586869871700e-03 3.867660543301740597e-03 6.518645105225239975e-03 9.151076805641936152e-03
5.241805055335035587e-03 1.245202373468928120e-02 5.086484943605203146e-03 1.233033009734480281e-02 4.906201404193207341e-03 3.332098720688354831e-03 1.670676347964050040e-02 5.309993261572060717e-03 3.548065033879236642e-03 7.246231762095788065e-03
5.880016745320577887e-03 1.015677928404432745e-02 5.822558999102513642e-03 1.485380344973804417e-02 6.698160437239627195e-03 8.663781246804252989e-03 8.010546303128281490e-03 6.866596154404250654e-03 9.524014619910543822e-03 6.798385902438316454e-03
5.234592242600164501e-03 1.738745114368983342e-03 3.418548354241471646e-03 2.807349973249048409e-03 5.070084144086189036e-03 2.710682742997773398e-03 6.169098768460055601e-03 3.686083857293271249e-03 2.559340841194786362e-03 2.033827190775589107e-03
4.985771354964921992e-03 4.471405581758191444e-03 1.944758717789006825e-03 2.549755120681447378e-03 4.494401265544735805e-03 5.883151421118332572e-03 4.848126512104640289e-03 4.407134355338509536e-03 2.761441917219788732e-03 3.735605561897765645e-03
1.890775612742874156e-03 1.000599937096772812e-03 9.983075687350524696e-04 1.532430982315672588e-03 1.128108091506167289e-03 1.123088118803276846e-03 1.888197704838556540e-03 1.078641316977820269e-03 1.297384215520136844e-03 1.360032006427427335e-03
2.500684780366767713e-03 4.067393473105186848e-03 3.444340357177924552e-03 4.505333869085125301e-03 3.509791134937694217e-03 3.205075640415260257e-03 5.282111763718066143e-03 4.013844007628370944e-03 2.775970758668189903e-03 4.075157906111600073e-03
2.502166269226568235e-03 6.303115048595707079e-03 3.416792758227702072e-03 3.387742664364679600e-03 1.786636109104298813e-03 4.519780303343070432e-03 7.753718310530522892e-03 1.552250337661726081e-03 5.145315653479808592e-03 2.698312142993424846e-03
7.089536024072006989e-03 5.162250859528563079e-03 4.097736857183108608e-03 5.457018919279198015e-03 7.224993232943221003e-03 7.445686651192807981e-03 9.321258356140442458e-03 3.487549566177951255e-03 4.119419580150348800e-03 5.840004156238102519e-03
4.550412815719497364e-03 5.289264448084366604e-03 3.912270823536662286e-03 3.813909039864401152e-03 6.810389240125739631e-03 3.919968944919005258e-03 6.544308190558054995e-03 6.868322132403785474e-03 4.333153728509031924e-03 8.887391064168970178e-03
5.086722402210117761e-03 5.896572523669628592e-03 5.756538828648348136e-03 6.099396264944099630e-03 6.449838685547564301e-03 6.390126128115191512e-03 5.516127920280560967e-03 5.069464666772100295e-03 8.159848834267291462e-03 9.093586988334735957e-03
3.796836786697307606e-03 8.489820823199472483e-03 2.483244992700850244e-03 2.671553667196257566e-03 2.067050180072417011e-03 3.065640372987051086e-03 2.796171323006474939e-03 1.507579813249039502e-03 2.428908232339532618e-03 1.426974568332291075e-03
2.076119629930520908e-03 2.925934925723081351e-03 3.071362665309444913e-03 5.116381009035183766e-03 6.763452180579148515e-03 4.517491829516238032e-03 2.750074606689455973e-03 1.821496558817244137e-03 2.881142813523347810e-03 2.203177886867898738e-03
1.629149743318636986e-03 2.622042880116386664e-03 1.579206194651640608e-03 2.293336988752901155e-03 2.822904081254695025e-03 1.203722267686932468e-03 1.488038413624983560e-03 3.123982966244774704e-03 1.440777881868856442e-03 1.527732130352696047e-03
3.632396841832290484e-03 5.961580221952495623e-03 3.790671615512736497e-03 9.701975381683639391e-03 4.382387036167249492e-03 3.945816617478189667e-03 5.490593402514101252e-03 3.190897198346612836e-03 6.131344934425509569e-03 4.043503056942099848e-03
3.914778842751341636e-03 1.936173898885286751e-03 4.624213003120931746e-03 2.300867945462463371e-03 4.586964227418536925e-03 3.346927509669234309e-03 4.256889247113306192e-03 9.024842082172607194e-03 4.157881937808922956e-03 4.878743397878150187e-03
5.522226789847076503e-03 6.932958587087079821e-03 6.948031682872017958e-03 3.607997062945883689e-03 4.704349004185441954e-03 4.223687435588667841e-03 6.901492870015969380e-03 5.899519020185633317e-03 4.788136731260011873e-03 4.660426708228396567e-03
6.257645621769893432e-03 3.423003117368271335e-03 3.365692626765396517e-03 1.067547939114973053e-02 9.909827251395770045e-03 4.184440820595588216e-03 5.784905502868326749e-03 5.565078694102896031e-03 6.216897366232227579e-03 5.454043772824457639e-03
9.759029672325562205e-03 8.824740206740441795e-03 3.716274469417120505e-03 5.683775025706739106e-03 9.932312406172549152e-03 7.217786487872768567e-03 6.456098883533540125e-03 6.789756414887174185e-03 7.009213059451254065e-03 8.761164246793354954e-03
3.020028063664868638e-03 7.425441451318758913e-03 4.899147252599000274e-03 2.403508413201332038e-03 2.218684157320982044e-03 2.375958974888247449e-03 5.928278189969963738e-03 2.267019778461160009e-03 3.642349900479470524e-03 2.822792447091906215e-03
4.117863914222823565e-03 6.465024971863687388e-03 3.888564226986485333e-03 4.480708445992144170e-03 3.402596771450079084e-03 4.089303626094206723e-03 4.359391501744102650e-03 5.006158798638723866e-03 3.035740585822133738e-03 8.370218448565653821e-03
2.311658864053741172e-03 1.283701516933544303e-03 2.036884396981185428e-03 2.576021386960776309e-03 1.341167989863745972e-03 1.507447694435218397e-03 1.297855820904212547e-03 1.765582507411179395e-03 2.178209688393482803e-03 1.874478724576901685e-03
4.769306111033104652e-03 3.081921279112773311e-03 2.808159410724550466e-03 9.103704809423043137e-03 3.553646731060479229e-03 8.254487362492504351e-03 3.841226044398924309e-03 3.013720290033891983e-03 4.841408764298803236e-03 6.136845577965331991e-03
4.511967734255025245e-03 3.473142086317433912e-03 5.345846392288619575e-03 7.240510903203177528e-03 3.832417811017810490e-03 4.028292341162913182e-03 5.852364049781939512e-03 5.126247013188187096e-03 2.770058933645624943e-03 3.492549294977428942e-03
9.663460379812995743e-03 6.003125377641264394e-03 7.767690084402089322e-03 1.062404734373842419e-02 7.401573644814911368e-03 1.006325732739039164e-02 7.843081121250592910e-03 7.447448029249350079e-03 4.431487824770368768e-03 3.689849186876737863e-03
5.508840692397157061e-03 6.973596208945422904e-03 1.388394400987777791e-02 6.046362286612498062e-03 4.938528168595433809e-03 4.535050851452632030e-03 1.106501403035435246e-02 7.371804320401523919e-03 5.310466962663968303e-03 6.149760024033721836e-03
3.665604883857251535e-03 5.562696880305054332e-03 5.307825239304964256e-03 3.955129894961454708e-03 9.513017916422540632e-03 6.170023016685767525e-03 7.104200989030820534e-03 1.513391793219157413e-02 4.883176426726905037e-03 6.205366079935118774e-03
5.578862206633204007e-03 3.694705940724386795e-03 8.382831670829661228e-03 1.974442696847812824e-03 2.829902785045001687e-03 3.270974054260748082e-03 4.313518912896924414e-03 3.699129704755732724e-03 4.148980283927516943e-03 4.015269719236657341e-03
4.672045037299264042e-03 3.516745135504447013e-03 3.321938644620008388e-03 4.054317726710133032e-03 5.403284224799123278e-03 4.181919428317198636e-03 2.288217698762732080e-03 5.314955735778822965e-03 5.173591489266039962e-03 5.544168385861499362e-03
3.384570200328317676e-03 2.677919208865443563e-03 1.330032752069104998e-03 2.849247698787698343e-03 2.937150555225248073e-03 1.309240285374947341e-03 1.966628259595744853e-03 1.828015010971861549e-03 1.743906216230320903e-03 3.502125153023311933e-03
7.122944579610734385e-03 1.006956537535375930e-02 1.121341468589547898e-02 7.360257941881158394e-03 1.236407250101699204e-02 4.682984612299089314e-03 4.302556527724502033e-03 3.916090437886760381e-03 2.972275035150404639e-03 5.918658633965118501e-03
5.292736610780369999e-03 2.112804560549685906e-03 8.019969438851692889e-03 2.487105516148170083e-03 6.414154451395375107e-03 4.799450653153577474e-03 2.766772083172941866e-03 7.588631491958050881e-03 5.061791584202609412e-03 8.695638495746910862e-03
3.359265277352781534e-03 5.304815159538853533e-03 6.266694151534118323e-03 4.785599608588059911e-03 4.753278516317765989e-03 1.084341367481243823e-02 4.682423372825846378e-03 6.966343589730122215e-03 6.775639363027670392e-03 6.459316612609351804e-03
6.059038710589362622e-03 1.553410214361475826e-02 1.139209462367563562e-02 6.742469715225982672e-03 5.109348425399480934e-03 4.943091155589928246e-03 8.771119735487846805e-03 6.533367516016001623e-03 3.532506883432300331e-03 3.330721582862733367e-03
5.350667940658234388e-03 5.755883907408933416e-03 3.056685530914413085e-03 4.559425522811058097e-03 4.167419142802500191e-03 4.416789010827792614e-03 3.717351194362832935e-03 5.825864385556774050e-03 5.504170480292206249e-03 8.061604243107933082e-03
4.469697918234051201e-03 2.096411300581131881e-03 3.673936625264084474e-03 7.007582854150720686e-03 2.930292689123439008e-03 3.072268847012786692e-03 1.623848658261003866e-03 7.515342251581105283e-03 4.278825131504491314e-03 3.657633546297919640e-03
4.634485147139693478e-03 3.484635749384920687e-03 5.705335265811318016e-03 6.309024529924263207e-03 3.349329990301294375e-03 3.994264007725472146e-03 4.604101583687057221e-03 4.521306083325533215e-03 3.313707957482197632e-03 2.400836009300993511e-03
2.038507699556580365e-03 2.113815733051159496e-03 1.501497402383411171e-03 1.307096775797245234e-03 1.779273971984261793e-03 1.702400385755189257e-03 2.584655024939378192e-03 1.838388710113012274e-03 1.675570277333245485e-03 2.817615975471377161e-03
5.854286354399769292e-03 5.783402219564244377e-03 7.125225343014336341e-03 4.209740792566051860e-03 7.527166393824709020e-03 5.944238131572099695e-03 8.970341761569571026e-03 3.756353229017713249e-03 5.974690486095613796e-03 7.045242963209965951e-03
3.348849753874459483e-03 7.071375057772527617e-03 3.016355235845332057e-03 7.471046859579869373e-03 3.544836726547332707e-03 3.749167307843849668e-03 3.181385092634457946e-03 5.789029008007293836e-03 4.773204804792572503e-03 3.943115582251391707e-03
4.609901334441435065e-03 4.282397387023201968e-03 5.772826701530746688e-03 5.849767850279994491e-03 8.230470123834314478e-03 4.505993877761378143e-03 4.576278960891924652e-03 6.683681582100069012e-03 5.200530935206806177e-03 6.989749307445185592e-03
1.062120121914462631e-02 1.387720618574068455e-02 1.910528032266287091e-02 9.831435716048338158e-03 1.984872578671643961e-02 8.030427034202069700e-03 5.482390440881407950e-03 9.653753233545486062e-03 8.381272219202519358e-03 7.880181959801800529e-03
4.382235439562061179e-03 2.831825832548759154e-03 5.481270468958875965e-03 4.768359082667702337e-03 4.170077541653847975e-03 6.754479407249529971e-03 9.095273789516839999e-03 5.696376543752449707e-03 5.733168108823068036e-03 1.131688115804839120e-02
2.714339547043233703e-03 7.414848322016673668e-03 2.450519085223627162e-03 3.557272510159712863e-03 4.671175405123106569e-03 2.945319461079309344e-03 3.001371113618128868e-03 3.030647906946699194e-03 2.306956042171662627e-03 1.713840310519327594e-03
5.667397202862262812e-03 5.702031076392724378e-03 4.455641960442669608e-03 6.787944415858816749e-03 4.120277356790781262e-03 2.366726709424607587e-03 4.069428158194145217e-03 2.842234240332698093e-03 3.298382331383076672e-03 8.961458835861840083e-03
3.083295100646436283e-03 1.790196516758245544e-03 1.819209410946837991e-03 3.294907816388418370e-03 1.778325029543729096e-03 1.657629518247814761e-03 1.730377160152179669e-03 1.426470969482595977e-03 2.252147811442615707e-03 3.013710280064414108e-03
9.290039201962248944e-03 5.171760770735051374e-03 5.502376386934176335e-03 4.818059853335119984e-03 8.625766914198185892e-03 7.705600984814157256e-03 5.816198107830005196e-03 6.474856810458545081e-03 3.273270551111923023e-03 6.940165224631906701e-03
3.831188380615926058e-03 5.645227526285159607e-03 6.088558243401769217e-03 3.262833326935115404e-03 4.323676926027164059e-03 6.233990339283039181e-03 3.159345547408634949e-03 5.039070578144671554e-03 4.112493896691051323e-03 4.684104454840309212e-03
3.666693739490648786e-03 5.805253609338801440e-03 1.116842849026792456e-02 6.880218281089238268e-03 9.875146287505966528e-03 7.581129395730824665e-03 6.235334911342831424e-03 5.179277175618569526e-03 8.285710207694209004e-03 6.072251410038911543e-03
7.025461480100777048e-03 6.181481433819787340e-03 4.659193054995405640e-03 1.395054844900438587e-02 6.274263432496538992e-03 3.415220380615456748e-03 1.008934462059843211e-02 7.840457657086918192e-03 6.418074042738553323e-03 6.110789855528611647e-03
8.904863107237006442e-03 9.573073486645039890e-03 7.602011402064998147e-03 6.173356339467671490e-03 7.395892031744758129e-03 6.221498484122286315e-03 5.559666838293484542e-03 7.327423556245398276e-03 7.394391158873702546e-03 7.433989215297741662e-03
4.137030923651988101e-03 1.392461024363560868e-03 9.757612456610659582e-03 1.821468305074775253e-03 5.280154329071353077e-03 2.486716789526719103e-03 4.617414911490248103e-03 6.370948237013720691e-03 3.654786811506426873e-03 2.097262914147762607e-03
6.611477934525625440e-03 3.747051840141975895e-03 7.491002999972302089e-03 1.078536511267299929e-02 3.466580791074773751e-03 5.160674565055654688e-03 4.042102791176148575e-03 5.082063797218013337e-03 4.186549329362143808e-03 2.015234473565570301e-03
2.375269468598852161e-03 2.516260086498812651e-03 3.722607647257432720e-03 1.814746784696185094e-03 2.192977503701288178e-03 2.143122609699837835e-03 2.061511021793271427e-03 1.765506560974231280e-03 1.980252678399871923e-03 1.541123350252443947e-03
4.656865205268055641e-03 5.326933663867265689e-03 6.366617120254913428e-03 7.574959686701784878e-03 6.881091957852088214e-03 7.380250503679857028e-03 8.479170921266761946e-03 8.703871878070482820e-03 7.813198329709848330e-03 5.678150148562688924e-03
4.049307623587600213e-03 3.879851987530913947e-03 3.031051788226987037e-03 4.092197178985282867e-03 7.094027982202345643e-03 2.575870686796950543e-03 5.868939941759072736e-03 3.065915253874617295e-03 6.162242054549844743e-03 5.327698750938115145e-03
6.753268351776800169e-03 6.213092294091816792e-03 7.546105997872642156e-03 5.618170145905390656e-03 6.300700779633166410e-03 5.056817969811159240e-03 5.526344789008943992e-03 8.125141949568426281e-03 7.002414619553186739e-03 6.644200261546047252e-03
6.354334324506080538e-03 6.068880425504023964e-03 9.477523030035007318e-03 8.808901443954197247e-03 9.497786322636774317e-03 1.455191456671290316e-02 8.477460932513785838e-03 7.303251001514585519e-03 1.318739234955854794e-02 2.585716811854640168e-02
6.648404629654633240e-03 5.666877544040941489e-03 9.774332538991325689e-03 4.288508704138828745e-03 7.498180539366110925e-03 9.600731928432550827e-03 7.359967030447389646e-03 6.322755582427714779e-03 7.461510087880005547e-03 1.090254125451617373e-02
6.324212635844934927e-03 5.190458595362517323e-03 7.138047348378448280e-03 2.983005444634885279e-03 1.288973441265727632e-02 3.105969124251858025e-03 2.729988443130087344e-03 1.094759235880907178e-02 3.306256736044627196e-03 9.038217743099402623e-03
5.058453901224748556e-03 7.741144195790823808e-03 5.708685729429558223e-03 5.221158773521031998e-03 4.855800351395062747e-03 3.965103617380220068e-03 2.714482697424338599e-03 1.785465657584526080e-03 3.483375891572429960e-03 3.207605930645946683e-03
1.846688654314898245e-03 1.513426737433280246e-03 3.516722995664933651e-03 2.617864029850941292e-03 2.836702285176403299e-03 1.880877094174329776e-03 2.898306231121728326e-03 5.174566704757363814e-03 1.936186494453927135e-03 1.213362017622901566e-03
6.695540722282103743e-03 6.193855012411458860e-03 3.734188625456053533e-03 6.184403157686290883e-03 4.303908787503942651e-03 5.213645859049443818e-03 5.476603783066280248e-03 8.360702346339430463e-03 6.143067787719264268e-03 6.645410533119356852e-03
3.377196972715915471e-03 6.558165970202874118e-03 1.059083779287503871e-02 5.187266977500405545e-03 6.696265614985966522e-03 4.955552403159219771e-03 4.874680098722135660e-03 7.925448660818640995e-03 6.978079888546347490e-03 4.184238329635385674e-03
1.566062796967900017e-02 1.453986373390516763e-02 5.439787273276715240e-03 7.241617042166371629e-03 1.480881326945310272e-02 8.868335126041324706e-03 5.928184316751674773e-03 7.892038540815170949e-03 1.910496270027599308e-02 4.847235182420046168e-03
6.677971027853572307e-03 6.414346104154509259e-03 5.096995979548850017e-03 3.884884644637620534e-03 4.399734179767481913e-03 4.953479466012941992e-03 7.616959117184990413e-03 7.166450787161752004e-03 3.180608913692144647e-03 2.774339393356881588e-03
2.351298917314207162e-03 4.174651487959714011e-03 5.042721231666518443e-03 3.642282367574961946e-03 3.563782289361100766e-03 2.813112179384263944e-03 4.885978817420249566e-03 3.188148676631919788e-03 6.471458714232254314e-03 6.278697078381248291e-03
7.163376564634894340e-03 4.102888550346621421e-03 6.316303501321925487e-03 5.057432026492156285e-03 5.034911407292083294e-03 6.216611516196984821e-03 8.329536089933562565e-03 4.228192779606341697e-03 4.804505985427530955e-03 4.568768267771024932e-03
2.590212401720552379e-03 5.971744435863797495e-03 6.111760086986077131e-03 3.791353786858364834e-03 3.674056472347100866e-03 4.535987986819633826e-03 2.474307305447844777e-03 5.243655958753254583e-03 4.358488571112218053e-03 4.222625681685250598e-03
5.434662731044671673e-03 2.288708904566572229e-03 2.819996021513429454e-03 2.871112245071604820e-03 2.240293604284212484e-03 2.724451732992958994e-03 3.185584673289512669e-03 5.585331260312886500e-03 3.777142679284114894e-03 2.917118154010149914e-03
4.906057261017965181e-03 5.853524785312664430e-03 7.578609991123653675e-03 1.205188969064234852e-02 3.567561997467027721e-03 7.196839799685890438e-03 4.074208390714038550e-03 6.730617402782213335e-03 5.509664565224714310e-03 8.183723308500638616e-03
8.691563162097237782e-03 1.120897122654223449e-02 8.766371296313232864e-03 5.896180730287577804e-03 9.126223337714648928e-03 9.535169943949199645e-03 3.267413024870682164e-03 4.863823259203392882e-03 5.678363692977914275e-03 4.580372303378836031e-03
7.323108236218093745e-03 7.329181242887209194e-03 7.161181774636664679e-03 6.364764333395760837e-03 7.074339022145910774e-03 6.158981318163077485e-03 6.180538917073159777e-03 1.305852008713216314e-02 6.183994330700175526e-03 6.431595149993177621e-03
1.300610345179334208e-02 1.604972392770893236e-02 1.476780448695443060e-02 8.984779486988943992e-03 1.224261019614397185e-02 1.669579091524674846e-02 7.775393937586654383e-03 1.889392173184812479e-02 1.277816934618400749e-02 1.655828736849589145e-02
3.979520691023164317e-03 6.254354346086387142e-03 9.789945121600595462e-03 7.940413038084306874e-03 4.257896405152797326e-03 4.157692082175013480e-03 8.219066359877333361e-03 4.038278154481919624e-03 3.746944106573235362e-03 1.046845140337040840e-02
4.290560208388512729e-03 4.444525020692416048e-03 4.588723443022578105e-03 2.069840304709735183e-03 3.581900008855720685e-03 4.330818301924910588e-03 5.481015441560021725e-03 2.605051035991535861e-03 3.741424965412449340e-03 1.631734647384661206e-03
4.230020343288370954e-03 2.213126610527087375e-03 6.204635703215151052e-03 2.293064685828305211e-03 3.317139120795386479e-03 4.678995132850624628e-03 5.010361748701136313e-03 2.327881291283107404e-03 4.313382081184379685e-03 1.792652113370525688e-03
9.615790464852826949e-04 4.230074998665798829e-03 2.437466787618716019e-03 2.943037117959601632e-03 1.680077081219445972e-03 1.411026385795745948e-03 1.744653749821376519e-03 3.557929807707834683e-03 1.292400691510896043e-03 2.611983572183905738e-03
6.136896695791198286e-03 5.445876606669917963e-03 4.737307010895620840e-03 4.775171924698140904e-03 6.661407733011962158e-03 3.909270389426267554e-03 5.441764552356780082e-03 6.739653204506560087e-03 8.544574050682506028e-03 7.103224266509592169e-03
5.856568783824697352e-03 5.095540321309689757e-03 6.536058794031738770e-03 9.275159810344966310e-03 5.134434419239428116e-03 1.030907578888886136e-02 3.403196632752394576e-03 5.816832694291000638e-03 6.527851160836036642e-03 5.183280703009122449e-03
6.995654715926454860e-03 7.774291649903231072e-03 8.625868861185766873e-03 5.521021422931106024e-03 4.138862723884799422e-03 7.927699830445257556e-03 6.247658349626481963e-03 4.355536974714514092e-03 9.523593476108045686e-03 9.384130636984077539e-03
1.635034708760938274e-02 1.109951492061612630e-02 6.966576694992739072e-03 1.698413481254002974e-02 6.958418786786148454e-03 2.712334257253689804e-02 5.562458079069208805e-03 1.392345792751192163e-02 1.432416100117544014e-02 7.487377309716125064e-03
1.231092749137561830e-02 8.995906489627201325e-03 7.838430177764690518e-03 1.194171464143595034e-02 5.341561040369679700e-03 7.225957047679957071e-03 1.451074732553148117e-02 8.031013127611643515e-03 1.158287094328445260e-02 7.666936238733758520e-03
2.707602326790970078e-03 6.798705492722574920e-03 4.036406483981820094e-03 4.239890931929364039e-03 2.212879262675476917e-03 3.106884518600091551e-03 4.725747471788583655e-03 5.999229523976599109e-03 9.193987227159316350e-03 5.677352324304410676e-03
3.219069271807491629e-03 2.971071572640065182e-03 4.365511873254692386e-03 4.479586997787351685e-03 3.903886553531810306e-03 3.277392698441258453e-03 3.451586791049554397e-03 3.470539394657223484e-03 4.471667032097849902e-03 5.163030550278242120e-03
5.041974199253193220e-03 3.871139393106941533e-03 1.570631471784723551e-03 2.102086108329407049e-03 1.218199247989129987e-03 1.195298289060621596e-03 2.000500897649198136e-03 2.080631315171940082e-03 4.047961521574401818e-03 1.372907305484895226e-03
5.358152850022454908e-03 6.846025510336101877e-03 6.889281837261165484e-03 8.743928388274112284e-03 4.337921960276349548e-03 3.797051128525252579e-03 4.033759090327881935e-03 7.535922505971845604e-03 8.828108905896810132e-03 5.860271762988002869e-03
3.608748600830728216e-03 9.912797846936606885e-03 7.076069625859745041e-03 8.809009920283989228e-03 6.318100823094256920e-03 5.487835709121406495e-03 7.469271362147145155e-03 5.152612312932725730e-03 3.838834941699137242e-03 8.177005020377249578e-03
4.472620469124187481e-03 7.616619028177736873e-03 5.220231819273520209e-03 9.012130011955589437e-03 1.616625565023540115e-02 5.941896190007079845e-03 5.566707919705761801e-03 7.683168914398809043e-03 6.372248142761718741e-03 1.112977136655946865e-02
5.806578717922597846e-03 1.302608561568588570e-02 6.278690148354409452e-03 7.186036785651470776e-03 4.736837922203931094e-03 7.012470866461956685e-03 5.149572346405956701e-03 1.271690869019473542e-02 6.020377468054974486e-03 8.769328194901886142e-03
6.980370091283482140e-03 4.841622032537960460e-03 3.765671658169054796e-03 4.484663880041521271e-03 4.380018597871766263e-03 3.533178336763284893e-03 4.180605886492403354e-03 3.909504216505562020e-03 3.073242346588099701e-03 3.936518979902665916e-03
3.873369975487324368e-03 4.630130355251930833e-03 2.224577856560374430e-03 5.255836083504518245e-03 3.053359876500510474e-03 2.880907771143417610e-03 2.318676282830028045e-03 2.521302528572579374e-03 4.418256396577065204e-03 2.545479769415194549e-03
2.877228278667922409e-03 2.893262164061148958e-03 5.777349979598470249e-03 2.692379105910695097e-03 7.253548994290147031e-03 3.572323031626518756e-03 3.389160343695803157e-03 4.705498759039905381e-03 2.720350774391304405e-03 3.715467007345598597e-03
1.444545811564188235e-03 1.367927612811580679e-03 2.789186680047491766e-03 1.038589794365381552e-03 1.028537491312123305e-03 1.063762792753972274e-03 2.363636778224233008e-03 1.294237588549401654e-03 1.433782758452232207e-03 1.695231560348955989e-03
3.929292623374983605e-03 5.928136317563642566e-03 6.433775160630324230e-03 4.287881681564690434e-03 4.608044345884085638e-03 3.320991261527851592e-03 4.570392293327954318e-03 2.164605373418032608e-03 3.464376156869160804e-03 4.694827770500543951e-03
2.201280489263976459e-03 2.965344907433971680e-03 3.704487328055666197e-03 6.303106711116323105e-03 2.669399731662477383e-03 3.894291048270324615e-03 6.628758929786651537e-03 6.743323123761328294e-03 4.662505503756045507e-03 8.493565254398482978e-03
6.978025687650937607e-03 2.947862947102983591e-03 3.351116006618615716e-03 7.814504042126125399e-03 3.846208422889870089e-03 4.134851473194927837e-03 4.403901560344208529e-03 4.240975538378171164e-03 7.725004431844291822e-03 5.751204632335683159e-03
8.231793502199777693e-03 3.227110166025061802e-03 2.835097724320439529e-03 6.019135888894572642e-03 3.764891092295268894e-03 8.336354673466094337e-03 3.514698126531535377e-03 7.470004494760161366e-03 7.384752847441722334e-03 6.699701302849532525e-03
3.508032712398361126e-03 6.001818693241433786e-03 4.211120737750917269e-03 6.076839355616073593e-03 7.466721443969973580e-03 5.541971008580748662e-03 5.901120844267953441e-03 3.616678606027485480e-03 7.102798884056739717e-03 5.327753386072566454e-03
6.073650828786778672e-03 2.442773850117146029e-03 6.652027541862269057e-03 4.066114396162114411e-03 6.820193429203400687e-03 9.605312140957354694e-03 2.009538830525162481e-03 2.081821842083720654e-03 2.944498264258732338e-03 6.659441174772753012e-03
3.855694391714998767e-03 3.638653434061968599e-03 2.536252216849570543e-03 3.762622775468178575e-03 6.800400389972667721e-03 3.869756379229538634e-03 3.257762500988897053e-03 2.633622015000591007e-03 5.777920122014664622e-03 2.724243800697918015e-03
2.383234004800395024e-03 2.082841105240656240e-03 1.748941557118584289e-03 1.249859960504659615e-03 2.111346366811924207e-03 2.455007264618770842e-03 2.443363251841648275e-03 2.829013395011880858e-03 1.838118664488466985e-03 1.470576967093481166e-03
7.538216808986302787e-03 4.948934959134015585e-03 3.199463593753294841e-03 2.745051261691570845e-03 4.317339540880515622e-03 5.063458726918493996e-03 3.803674506582872816e-03 4.405308272788325055e-03 3.402014078733602183e-03 2.871573313832265391e-03
4.267358981432580779e-03 3.886724235563973964e-03 4.816465333290864334e-03 4.587507975911660728e-03 1.904885681017110151e-03 2.659434261808659404e-03 2.525887253636936204e-03 6.301511556413436251e-03 4.185673584657044130e-03 3.531743831357776406e-03
4.864493453969552170e-03 3.422286717828549284e-03 3.899211740263706753e-03 4.390328191675499890e-03 6.175431742625271496e-03 1.173824435988287188e-02 3.786955745802623487e-03 8.676532542896849692e-03 5.505782355560205274e-03 5.480495866722702447e-03
2.471554375048212911e-03 4.757528691112450706e-03 4.544899722314940313e-03 1.178752377365769113e-02 4.502310561422780480e-03 6.292049495205453979e-03 4.376630515663886001e-03 4.698071766024179696e-03 3.856999503391614695e-03 3.527082689407164563e-03
7.016657824844854674e-03 8.116469820164342111e-03 5.748582793091778359e-03 5.937747732198061026e-03 7.205306261914310416e-03 4.291170901960674952e-03 4.125465772776267491e-03 4.057166665087116528e-03 7.921053440719590111e-03 9.084837147600558632e-03
6.703921348773637413e-03 3.488828170161162746e-03 8.169364144953920534e-03 3.631898645947462777e-03 4.278308223633691190e-03 1.941903454648323795e-03 8.265022702124383280e-03 2.605713577302971439e-03 5.242342253119746179e-03 2.765909624825286552e-03
2.199565514281666412e-03 5.629662117895532433e-03 2.738959148919694296e-03 5.396811086201552463e-03 4.970266625545533869e-03 7.266015907665897972e-03 6.656494151377972436e-03 3.482994623164621141e-03 2.162005848511725989e-03 3.828681773990252977e-03
1.535239300066891131e-03 2.357256230032987298e-03 1.953104772625177156e-03 1.920444866564953359e-03 2.060824896425646115e-03 1.925429726337151218e-03 2.378028247814070392e-03 2.100496293871323850e-03 2.803406930041689969e-03 1.255674894286453076e-03
4.055595736611601956e-03 5.044374534857902666e-03 7.719970474576126271e-03 6.064055537504529220e-03 8.351476388761908121e-03 8.340976223940550077e-03 5.923009326751008975e-03 6.026732344614231171e-03 9.680009488600817627e-03 5.562639409905187349e-03
7.143983734319765168e-03 5.318448014617315096e-03 2.649075784006827642e-03 7.839596336692504497e-03 2.640693634491962389e-03 5.307174284688084311e-03 9.886240000632529751e-03 3.470936210624710801e-03 3.351630668170763050e-03 4.014419584713618643e-03
5.109971294192643815e-03 8.734560264860717280e-03 6.122555917060450159e-03 7.850440148327130288e-03 3.564063939216537569e-03 3.820196894599730761e-03 7.404305471078394957e-03 7.960759153614658731e-03 7.747352049140552623e-03 9.001454578567543580e-03
5.663156865176479857e-03 9.305294132263376011e-03 5.767167231166988456e-03 4.823967720309509273e-03 3.875979090224373428e-03 1.629291399013790137e-02 1.883838665016631872e-02 5.630718378748357164e-03 5.908286455413664685e-03 6.656999763140708862e-03
7.176266473875166259e-03 7.809225836586044731e-03 5.168490277360887272e-03 8.136111189867734073e-03 5.242999811890288429e-03 8.488462298685526403e-03 1.156495110661775322e-02 6.003183724446137237e-03 4.071419702659296799e-03 1.200641173994178648e-02
2.212706943063548308e-03 3.666881589426418571e-03 1.667475593128038948e-03 5.215061748851406234e-03 9.392160490089885433e-03 4.594967944308009540e-03 7.079658045520683535e-03 7.346283616775698549e-03 3.965789678989143502e-03 5.826963742006826749e-03
3.204339109122379160e-03 3.084681831958037759e-03 3.683467096112002636e-03 5.023736361585477705e-03 4.744480137694523890e-03 2.353492616364528424e-03 3.945948674026292582e-03 2.963508086464471981e-03 6.751404924352188454e-03 3.730203134392966885e-03
2.106222638799216257e-03 2.493111152788727962e-03 3.199485113814121932e-03 5.569564580286985936e-03 3.058515498207980878e-03 3.416705609085126868e-03 2.390671448365373937e-03 6.625499540160441521e-03 4.876328377326077587e-03 3.208538757899795368e-03
3.911688021282069827e-03 6.208628314697398239e-03 9.896004622589040997e-03 7.760410443856610024e-03 6.379915324020135267e-03 7.106753282743779286e-03 5.955470065533888246e-03 7.224035665387368646e-03 7.011986632415097287e-03 4.602322447951940135e-03
4.312075110014836066e-03 2.891002808056737129e-03 3.579989943848725306e-03 3.290333696583155193e-03 6.594443790092979069e-03 3.231317355739693822e-03 3.189247315692172145e-03 3.985074426799122861e-03 6.948560542366461965e-03 5.093524746688674748e-03
6.487590243587847486e-03 6.369768300353313012e-03 1.120675334513174942e-02 4.712879082907135697e-03 5.333401148112280020e-03 9.575544454797347421e-03 5.502741851795615174e-03 4.789791463669364896e-03 8.695908901269039024e-03 5.996253410325209574e-03
1.367207932457988745e-02 1.226960386032998652e-02 1.002506644272371100e-02 7.544750104456481900e-03 6.175658096411984835e-03 2.250479245238328624e-02 7.837885182363214104e-03 1.887197896276040371e-02 1.205252288543559418e-02 4.572498721901335945e-03
4.447428084442158792e-03 7.717345908978186578e-03 5.475488975173167620e-03 1.354002431874050741e-02 9.406527957259203793e-03 7.254583819605299640e-03 5.763692499680108869e-03 5.236053295529752641e-03 5.425282047723021736e-03 3.081536110345004138e-03
3.055678790544062544e-03 3.217266053750539052e-03 4.806134428342050298e-03 8.878251101468993128e-03 3.479770504295382882e-03 3.707758255476031189e-03 2.123339853881659519e-03 3.088275079898003279e-03 4.730829509069465165e-03 6.697301219620924867e-03
2.428795981562547474e-03 5.169888251291622147e-03 4.442039783108157371e-03 3.457530092099612550e-03 6.285722597249095329e-03 3.972240734647580762e-03 4.693323382900785844e-03 3.555943014098399742e-03 6.107330077791066347e-03 3.900364232755916451e-03
2.248044656561165068e-03 3.082373774436161264e-03 2.447650555072232101e-03 4.007484027660494948e-03 4.028842473331390936e-03 1.672318116787321028e-03 1.996673986468321550e-03 3.658146993111002429e-03 2.895710075406350559e-03 4.883501568176999534e-03
6.352700308925580616e-03 4.570111917204326343e-03 7.911437485492063548e-03 3.513252629971904632e-03 8.607447981279539237e-03 6.603439642054575315e-03 5.186353807859840105e-03 6.278846282740559517e-03 4.777232094105583748e-03 5.483063903862640809e-03
7.212908791444152048e-03 3.872612385655480310e-03 5.778440088693681011e-03 6.410442230930555631e-03 3.096370630965212568e-03 9.073306122833748114e-03 7.087998967870491086e-03 7.858179043749724188e-03 6.097319405838175915e-03 3.110616601539687928e-03
5.471364231867991215e-03 7.021702176042565399e-03 7.568188321220981236e-03 4.627158982418658716e-03 7.525775532977039411e-03 6.256489017048508933e-03 6.858327226125145518e-03 7.699035906918205371e-03 5.565427124876899147e-03 3.577114175686935647e-03
7.570350544654759657e-03 8.906851599977824718e-03 4.546153140011704313e-03 1.200600433139754203e-02 1.939474931925164181e-02 4.660432768020259311e-03 2.075265040322137738e-02 1.040487579381146194e-02 1.351796290047701382e-02 9.796305282750106258e-03
4.923352479978208851e-03 7.056595491574663495e-03 4.844710208070790100e-03 6.778852217270395393e-03 6.823199038873965956e-03 8.972297364686111776e-03 7.757020757332430162e-03 5.354324919191019022e-03 6.657009334028192449e-03 4.436447975334469919e-03
4.308352955460731035e-03 2.868629649280232154e-03 2.946276321624613503e-03 5.100155569943004563e-03 3.222317631353016458e-03 1.275673203162433879e-03 3.226193299142152485e-03 4.756688237314570140e-03 2.945635746468738218e-03 2.654097010596677408e-03
6.681696363004077308e-03 3.218558831282363093e-03 6.113029969445934846e-03 4.595438459670437431e-03 4.210761600574119447e-03 4.440956954168972376e-03 2.420296417211707622e-03 4.176979136166505957e-03 1.055178134379299547e-02 7.950870398631073102e-03
2.585172804359893092e-03 1.679975602591018101e-03 1.428152141514450572e-03 1.805801200011782418e-03 4.551007250481650321e-03 4.013025190835716946e-03 3.612371985561517451e-03 1.358786283357122336e-03 1.661096376461450265e-03 3.509240475489372544e-03
4.493002535111894312e-03 6.144122123027066958e-03 6.649582365461477289e-03 6.101891271520130944e-03 1.438217631237863683e-02 6.917315343508032184e-03 4.127849897156537703e-03 5.677313804386879825e-03 9.127432226305912805e-03 4.818386948470891259e-03
6.446034574969297659e-03 6.761323243138979075e-03 4.830937716687459804e-03 4.109563855748274430e-03 3.328563170334900793e-03 2.220445780384492414e-03 2.390909763752560851e-03 3.209991044659069991e-03 4.802804205951480623e-03 3.410796498466584208e-03
9.600136719931057910e-03 6.845961291231139265e-03 5.114749849166305012e-03 7.926724803901429375e-03 5.672307759780933177e-03 7.340901732499150248e-03 5.784350862527123244e-03 7.823959007958205397e-03 6.239613608378881751e-03 6.178326519979410701e-03
7.624780831662769306e-03 1.155072367067954547e-02 3.790785148032743690e-03 5.990992198188242399e-03 1.280827521918303374e-02 6.565704125322838376e-03 5.826878240847869171e-03 5.499083298060383762e-03 8.620033592881061121e-03 8.823608309336761213e-03
1.002648403576881370e-02 7.849026415215162866e-03 5.998118318909238626e-03 4.420522056412922590e-03 4.592677149196980162e-03 5.752130608377762494e-03 6.240396748944759125e-03 6.889675975336000818e-03 6.384465442217488948e-03 5.803784516896036590e-03
4.443340745221254981e-03 4.300853708013418174e-03 1.160861603992692330e-02 8.877915574952086053e-03 6.010986352846143209e-03 4.792501916133809665e-03 1.183453622769855586e-02 3.672387172747389357e-03 2.786022409617367347e-03 1.299714583936061214e-02
6.730294545343866799e-03 3.776370479464009541e-03 4.694567924104896955e-03 5.397076102365941895e-03 3.311676014146993415e-03 7.540987183135336620e-03 5.184245983793312092e-03 3.604514448349228038e-03 7.558472583838537519e-03 6.333628727698204647e-03
2.656993922411290433e-03 1.723529966644909419e-03 2.327175187979117418e-03 4.430257482131691286e-03 4.720927530461664808e-03 2.658675186551796681e-03 3.056631565268026155e-03 2.205674846531917831e-03 2.605975943593783362e-03 3.849983167089253422e-03
6.866211683936682998e-03 6.743890997517223117e-03 6.137110104303142820e-03 6.401044070230690018e-03 9.347238001657594969e-03 4.963422624949889901e-03 5.871677819885144645e-03 4.746760628710564554e-03 5.059402101659846510e-03 4.075727539417322784e-03
1.099286588132408586e-02 4.719820775075981266e-03 4.695561669537075961e-03 7.673627342369476224e-03 7.949039793499337175e-03 5.603832518316595804e-03 7.704613851937631465e-03 9.336048491425177898e-03 6.435824287655621256e-03 5.900202410863879601e-03
7.386423126468586939e-03 8.084462558548435526e-03 8.564803351241333934e-03 6.310570676329054982e-03 6.691561914702317745e-03 7.507959588288378762e-03 1.021668839868194144e-02 7.451554454274332551e-03 1.185755433160813783e-02 8.476739939866331092e-03
7.408175298374614429e-03 1.018535842249979062e-02 3.917018103264086060e-03 1.104093204693304582e-02 1.436860216500421110e-02 1.079068437396859398e-02 2.279049514290167402e-02 8.172599640935755000e-03 1.768300575974018907e-02 7.063057232049499597e-03
1.086812674215854521e-02 9.423311735184604354e-03 8.029652314209226316e-03 1.075178923682120272e-02 7.360447045575030725e-03 1.319575654959862301e-02 9.555477113815141060e-03 4.913072817869278477e-03 5.651791019000268132e-03 1.026871865120312401e-02
2.625697773630905618e-03 5.295437444641126062e-03 6.029989017746536367e-03 1.662952317436518571e-03 7.408692332617297129e-03 3.102274270584427177e-03 8.584810509939680770e-03 7.058007606137246988e-03 3.635861785681690928e-03 1.772092782817060157e-03
5.131454052324667739e-03 3.220775364869316558e-03 4.232270659051712292e-03 3.004123982325362149e-03 4.597603022839741836e-03 3.084022277079940220e-03 3.147432732958889683e-03 4.981469329087878997e-03 3.512472196898526987e-03 2.294671407358901682e-03
3.588987255854527748e-03 9.076200653956234196e-03 1.859890406527749725e-03 3.835428909209744920e-03 3.528607790768235625e-03 1.778857579141869885e-03 3.922107500009080344e-03 2.186172489186588921e-03 5.206400296578316510e-03 6.565662057681077683e-03
5.058244902713234827e-03 1.058226073703019340e-02 4.249235519306376191e-03 6.649893879682509598e-03 6.829387041571693268e-03 3.992793696488007582e-03 4.619881836274713702e-03 9.465762008074984218e-03 1.020700111212376367e-02 1.015134943640800050e-02
5.568308205803857575e-03 4.586642318661069903e-03 8.633832813002633236e-03 2.380058827146586033e-03 6.308141296777846838e-03 3.639268642562438778e-03 6.918219970941869197e-03 4.207304715089365578e-03 3.857289682673676126e-03 6.739823446259645377e-03
6.928592770361176670e-03 5.757505604349280257e-03 8.100316077126870629e-03 6.976712461428456573e-03 1.107276229152751729e-02 1.091032212985159136e-02 2.875477861859340387e-03 3.191148383593243529e-03 5.360831235088459046e-03 4.761578585481754042e-03
1.398640198530550632e-02 1.875726053833005197e-02 8.538881354703630952e-03 1.489715227001573751e-02 7.474510457232964346e-03 6.884033942962471467e-03 1.157223111881908184e-02 5.715782966104341473e-03 6.566008876623432612e-03 1.643310941390999785e-02
5.366781136698205862e-03 6.473453286906190318e-03 3.697201877444813208e-03 3.479026834755497878e-03 6.586474354461772582e-03 2.931657470922223799e-03 1.201598695377855547e-02 1.492734432298902132e-02 5.246553477359524459e-03 1.306796196536790834e-02
8.579002409352703279e-03 5.338501425782202735e-03 9.014517109046127699e-03 4.662960531765670408e-03 4.287966490416522322e-03 5.864820304310701393e-03 3.725680647445116060e-03 1.291633861669048804e-02 3.532648253993198647e-03 2.672483915402899118e-03
7.847767890329558627e-03 5.576423076611542254e-03 4.354776796280965950e-03 7.448846705417991668e-03 5.746031984036148975e-03 2.961316912350474544e-03 5.929437819055656707e-03 5.037615722161237555e-03 4.167909212217111095e-03 4.522432085585142980e-03
5.630392984494735423e-03 5.680215790444786625e-03 2.398818105307175784e-03 2.304693081919028438e-03 7.683472382158875943e-03 8.649287841814975661e-03 3.303741229418229002e-03 6.413529175977390924e-03 7.137130801102700879e-03 5.171030402106149663e-03
1.093687437814033769e-02 8.628644998274304784e-03 1.062457890844976591e-02 7.852441586411719465e-03 7.899245433555808493e-03 8.831498956929226957e-03 7.540417971754259305e-03 1.026243901191568539e-02 1.067766971698512132e-02 6.259672452995796235e-03
8.163901703632656798e-03 2.112434500229031301e-02 7.845994962707989948e-03 5.693780843760325346e-03 6.272541608320209711e-03 5.808384858346664348e-03 4.952747909876411593e-03 4.063156427296555837e-03 1.260601412442689459e-02 6.951253233918327536e-03
6.141189063800732949e-03 7.548771223761154697e-03 1.372138054491977600e-02 7.982158463716478025e-03 4.779181159316588101e-03 7.198235675747066686e-03 6.666995869221662742e-03 1.034890418309823354e-02 7.967513294881772498e-03 6.498914895883811313e-03
2.129085313396172907e-02 7.338020149992151298e-03 1.693206421348726620e-02 1.125677174450828190e-02 1.806921997469318822e-02 6.955505927705298713e-03 2.603118246268805794e-02 1.368542314039945459e-02 1.048962536328231984e-02 4.195811206268026949e-02
9.132206527208818619e-03 6.154872450566742370e-03 5.202339372742989521e-03 1.111478812578964651e-02 5.658871110309146579e-03 7.708197837653297385e-03 5.699610321263124529e-03 9.776439050683063264e-03 7.866389288154789633e-03 8.189512909625917478e-03
2.765350733759460496e-03 2.360198434959828988e-03 4.231692041505578060e-03 4.359704288992622204e-03 1.145003085383129206e-02 4.486163370282577646e-03 6.419837254831692493e-03 5.021330405087183479e-03 3.701278093811522472e-03 7.485455911416094739e-03
4.601242466959849439e-03 3.353656180968320188e-03 3.950354728189984545e-03 4.781871040769101674e-03 7.534994699882666298e-03 2.925836969311495020e-03 4.003198798333466521e-03 5.600424949659343898e-03 3.622780892146400082e-03 5.559971227435407670e-03
3.225761657228333121e-03 2.127037766797558634e-03 2.440100063472771912e-03 2.028226742487667864e-03 1.925836654157896902e-03 5.323502547615870974e-03 3.506138458763747266e-03 6.328009366716989999e-03 1.965680673951487531e-03 4.799154609417905816e-03
1.038503266907720227e-02 1.135298128687607308e-02 7.222122166542333833e-03 8.191286815751225997e-03 7.898518876451481041e-03 1.386542222739462621e-02 8.773021026948438911e-03 8.785426271892939412e-03 1.202421820643443176e-02 1.271643389687341502e-02
1.208346222535676764e-02 4.318754410465809948e-03 3.935992805589020108e-03 2.418330482211720860e-03 3.951555530350244448e-03 4.882200886464543865e-03 5.719696025468847325e-03 1.039934854814405715e-02 6.211746688971496802e-03 9.520852060097170083e-03
1.042179934228368646e-02 1.114218068905130019e-02 5.296934716624526751e-03 4.108538494658703008e-03 6.211257752636221117e-03 1.002333261707945289e-02 7.141184568366395688e-03 4.035470546438654944e-03 8.300892711726588075e-03 5.152259765888915835e-03
8.909024736349560949e-03 7.557656163061604419e-03 5.906899691860424163e-03 5.101229414608968345e-03 5.823873902278225469e-03 9.910148855034800475e-03 1.209340181980024867e-02 2.375728709585957915e-02 2.489993883895929433e-02 1.111165564381602459e-02
7.420286899143484390e-03 4.756285538411810648e-03 5.162652735723332297e-03 9.698222947316146800e-03 5.751827548894764865e-03 7.797548753297221108e-03 5.019493786235349267e-03 8.245935167289572196e-03 5.693297947723406638e-03 4.918678757398511209e-03
3.576050720594935173e-03 4.026305615497997176e-03 1.313044950849424561e-02 9.050548195334956816e-03 2.886557680501809948e-03 5.940365400580475443e-03 1.564070252015599752e-02 4.056275128043472337e-03 1.126124088797484345e-02 2.052219792204851637e-02
4.310265559336843959e-03 3.649986663131036223e-03 6.675415340494729281e-03 7.763953664191874764e-03 4.567788355187315033e-03 3.548311261880609819e-03 6.681179843651907646e-03 6.729640221864441156e-03 9.146375839522959822e-03 7.751698809667188772e-03
3.155550523361683006e-03 6.552398907656156908e-03 1.240137061317429443e-02 7.573040156585783035e-03 3.845380325342674481e-03 1.827897547094726061e-03 4.621816697283231100e-03 2.633983293807120023e-03 6.882750232010193155e-03 9.486370154094342366e-03
7.780179247029542569e-03 1.152567198596177525e-02 1.193199732050434676e-02 1.200416246014733915e-02 5.063606268527058238e-03 9.691654823778459577e-03 5.080633961602537378e-03 1.161261756130112927e-02 1.848011240065598401e-02 1.913652431184797997e-02
5.063913609950460547e-03 4.291513006071342486e-03 9.598861257597559801e-03 4.880427508991808452e-03 3.404848985010781523e-03 7.322410993344883462e-03 8.839558553141592390e-03 6.006168361590223138e-03 7.231935043056259178e-03 1.638434827995171802e-02
5.308511671383624175e-03 6.318507422940718155e-03 7.147144734432120394e-03 3.660040704952840715e-03 6.082296405398807462e-03 7.465101630790976772e-03 1.243367115295515579e-02 4.897164204553655989e-03 9.791262586613402180e-03 5.249165708261884986e-03
8.297806040031406594e-03 1.367306583000185705e-02 9.790264985585526297e-03 9.931327899354577132e-03 5.301704646107400186e-03 6.179076268301181979e-03 5.212754948397367583e-03 9.667608720087140367e-03 1.308377661661895217e-02 9.758191728426030692e-03
4.875389180259977022e-03 7.355079144404164451e-03 6.815218111100865110e-03 6.212803643081772978e-03 3.105092990519065475e-03 6.619437714644882051e-03 4.968991924415128505e-03 7.182270932931182107e-03 4.154746943500148629e-03 6.280039060264528891e-03
3.735556589164887135e-03 5.906576878426145379e-03 6.494133922772502530e-03 5.729761865508884063e-03 6.315023199693549361e-03 4.697419774401474790e-03 5.854714697232652268e-03 3.763089736956142222e-03 6.261075272053098426e-03 3.603837320154611515e-03
5.625139996999405263e-03 3.988240316061075416e-03 4.831075621618218484e-03 4.078997503522970719e-03 7.683188562713529936e-03 6.138029508850816225e-03 7.367082460070888128e-03 4.879874495762503289e-03 3.447766546266240253e-03 3.927116941423031138e-03
2.207947554714953693e-03 2.249783717594561888e-03 6.267360570347863154e-03 5.954376334096430148e-03 4.175077570425593174e-03 4.853585504561132129e-03 2.429378864912283553e-03 5.014150684989440374e-03 5.322208515291474568e-03 7.409918354384951653e-03
6.932588469464364897e-03 6.792592153677682633e-03 9.494433145180680017e-03 1.641567442082164652e-02 7.188425864689286342e-03 1.535312655098903384e-02 9.744025252515362695e-03 9.029274345727148626e-03 1.099365770865066982e-02 1.151937167058168961e-02
5.580373603802916971e-03 4.867053569070209883e-03 8.406957070319773934e-03 1.386300145585755463e-02 8.869006401318336660e-03 7.453107986633450768e-03 9.818774285235398400e-03 3.881499800883195326e-03 4.591126097458327060e-03 8.817088437086242902e-03
5.561498071795012432e-03 5.943315469747063526e-03 8.804704725931127712e-03 7.652610969693126805e-03 1.041565396479846202e-02 5.982177532847394660e-03 1.149548544680352273e-02 1.152301566209426587e-02 4.433450751176713084e-03 6.396255256464930018e-03
9.772448688466196798e-03 1.306871901574044141e-02 2.255275964531341590e-02 1.404248193873355866e-02 6.677657039886483910e-03 4.297401299570759864e-03 9.742254161564102913e-03 1.267852538395489517e-02 5.933839095967275573e-03 9.515986924059497906e-03
9.417110114749598082e-03 4.132880093789444327e-03 7.190299651719630342e-03 7.102406328210708088e-03 1.145026035282041381e-02 8.574735317009673716e-03 5.101067053347951852e-03 7.419344126634926095e-03 9.995830278106849001e-03 5.773334485101111815e-03
4.406738988618610041e-03 3.995144830472687099e-03 6.762907305932429856e-03 6.351451996731290531e-03 2.737649042508011419e-03 7.147639815880294650e-03 4.249472146792475542e-03 4.473666131831843459e-03 7.914973958671371948e-03 7.462012449541603233e-03
3.863818847689555903e-03 6.807752092578867563e-03 5.228463495049461528e-03 4.765138697497852370e-03 5.837819944433695479e-03 3.276734218233078640e-03 1.363732708455320415e-02 3.738745975593787529e-03 4.672683786230803944e-03 5.350008071581289354e-03
2.087399787943801550e-03 6.976011882689403185e-03 3.395537526601457440e-03 7.815842949662131847e-03 7.722520164519968908e-03 2.405177677464377661e-03 3.460908083840560315e-03 3.432009653487336914e-03 1.011307566477635984e-02 3.848541333062427058e-03
6.203169481245768627e-03 1.329203001696556245e-02 7.259819606965466424e-03 2.907062875948755731e-02 7.512044545252938993e-03 1.438505690434997361e-02 9.495499387092624574e-03 8.862843553826584009e-03 9.325883801612394608e-03 6.905006912770351481e-03
4.071905938700891986e-03 3.350140160316491568e-03 1.104431374312732014e-02 5.214496368677122573e-03 5.857925613153775954e-03 3.996616422559603338e-03 7.322264074546695409e-03 4.869142770741225097e-03 4.788442800534781219e-03 6.324230277756446444e-03
6.382835462392077649e-03 6.178065294217048239e-03 1.173004662183144142e-02 7.186443198053340045e-03 8.020010195887161686e-03 1.094343868444028200e-02 7.623038381979890810e-03 7.913115884351873061e-03 1.248635290817193960e-02 9.740193461605751307e-03
5.285208394625338056e-03 1.250482712336596289e-02 1.259808789034400772e-02 1.933903147774896844e-02 6.797010930862272711e-03 1.166609992351321824e-02 2.226049379787732249e-02 1.188773647042815941e-02 1.058717105846029329e-02 1.452471739750984744e-02
5.137224086492888503e-03 9.738345137186155479e-03 4.868796611916107082e-03 5.276407502450746259e-03 6.954203306572117466e-03 7.522057845917379942e-03 3.672820542484564466e-03 4.871093726537496782e-03 7.751921600564388309e-03 4.800487387439471981e-03
3.941256025104518043e-03 5.770371103239411645e-03 4.462225392146428396e-03 4.131212800765482994e-03 2.932418608929635451e-03 2.427760682899834498e-03 6.851119786139153039e-03 1.753022903747939679e-03 4.520161935901209800e-03 4.440041066227979304e-03
2.614770900250655040e-03 2.378735563404895531e-03 3.668848874390119932e-03 5.403947550846375548e-03 3.721040563150989494e-03 3.276879047972018622e-03 1.007927312615770031e-02 2.475674504643249688e-03 5.205318483269393698e-03 3.733858933411722536e-03
1.780268319326799376e-03 3.674216019001893922e-03 3.493982432765183575e-03 2.719679035438794280e-03 2.722984604034735766e-03 2.764538197456157306e-03 3.009705510314879002e-03 2.441264925386574941e-03 2.124909390300523150e-03 1.811041504151902730e-03
4.370537407335384900e-03 8.074537799512299802e-03 9.864122025953705672e-03 4.371322534795750621e-03 4.791906175182002008e-03 5.630699646198078848e-03 8.657352920386218731e-03 5.389908980029301314e-03 7.884799947829748343e-03 5.926208409901301787e-03
2.565164737648934108e-03 6.318249042781105655e-03 1.149660507866590888e-02 4.284707848737228514e-03 4.906212220495109223e-03 5.488225255717980866e-03 4.238526255002820348e-03 2.876186757308705957e-03 3.224496699997784436e-03 5.777013303601140001e-03
6.374066893609251980e-03 9.520853701014785411e-03 1.205847505700689305e-02 5.176605320646567379e-03 1.321459015494414607e-02 9.104033009454446865e-03 3.769206153803957189e-03 7.904619485643421192e-03 8.782634302406108068e-03 3.938089629323130586e-03
1.561044607412865638e-02 5.312955540265091627e-03 9.542343103654642167e-03 1.713712069068424812e-02 5.811733870420710685e-03 8.005999700097458927e-03 5.956162676782003791e-03 9.903797872035161737e-03 6.315443978783238932e-03 1.887734630676513037e-02
6.628112802681960201e-03 5.137077589325599047e-03 4.967612471989272041e-03 5.620088202403156381e-03 6.834816904841198998e-03 6.588654469819413620e-03 5.930098236620396854e-03 4.626051401761406209e-03 9.435901824927740711e-03 6.843482184574701567e-03
3.844432897569786782e-03 4.310506554809018578e-03 6.318883514608063592e-03 4.206828900957925582e-03 7.000420262538125174e-03 9.179293014879033596e-03 3.855798380922397482e-03 1.275395643890599867e-02 3.033505862167317282e-03 5.777768752868344890e-03
1.275900304884801731e-02 5.630412896335779474e-03 4.205144300483790697e-03 6.533194117033902515e-03 6.765460807913873872e-03 6.003198227260338540e-03 9.861388026610250906e-03 3.742856548315444832e-03 7.916119487593674744e-03 5.620373319744536092e-03
3.750768933336094853e-03 4.595664656179474644e-03 2.647448075568136112e-03 2.810526560531025932e-03 5.511799759646586472e-03 2.382499484905734217e-03 7.661705826437897708e-03 3.322695304078054912e-03 4.001116058848779890e-03 1.804814997586341729e-03
5.370851251337410356e-03 6.693556904920486446e-03 5.603299314882428245e-03 7.928573635614114684e-03 8.633291464263526463e-03 5.934906224420467662e-03 6.094540341248117291e-03 5.551781270806544280e-03 7.049591611978944100e-03 6.073072429172380465e-03
2.563819322378741578e-02 1.251418417081134361e-02 2.870251451974027007e-02 2.774289716553741611e-02 1.277182462292809906e-02 2.421429974954208281e-02 1.611798585270483863e-02 2.162632891439327312e-02 2.647482938279477338e-02 2.128363652730575969e-02
7.545813786058677523e-03 6.547462041126321519e-03 2.189820841353643313e-02 1.090159454309215167e-02 1.000739004218450558e-02 7.186540747765174375e-03 5.459093384816300285e-03 7.839664355283104680e-03 1.433187900067510803e-02 1.191199277151419947e-02
