2.644240915038201419e-03 1.650276452960774791e-03 7.179335668762913333e-03 1.207107584518646391e-03 3.216139788123037555e-03 2.713881737221909840e-03 1.848647279787283106e-03 2.682226818047547465e-03 2.542945173679969292e-03 5.058456084075457770e-03
1.065389795002244337e-02 1.278617387400875216e-02 1.020499775549906993e-02 1.362412090378569904e-02 1.076612299865333140e-02 9.935657638784956003e-03 1.081849468801443503e-02 1.145443663025579213e-02 1.377375430196017478e-02 1.657938051773158450e-02
7.312429852103306815e-03 1.308480259138751663e-02 1.952207083694418657e-02 5.846250017758981669e-03 1.110290252461390396e-02 1.319419779220606763e-02 1.401963430747151310e-02 7.879295892707553414e-03 8.886584170372186300e-03 1.250088794805852103e-02
8.240040916065213827e-03 1.827584247314880533e-02 1.238847530829109353e-02 1.281468432119105272e-02 1.093368187759286014e-02 1.478092856736944183e-02 1.108143433539812012e-02 1.869636869921008707e-02 1.823038017843946548e-02 1.682673182928908634e-02
6.097878495660538634e-02 2.771456123432988056e-02 3.517839922854381490e-02 5.993249758919957926e-02 6.246383799421406646e-02 8.391996142719385099e-02 5.199614271938273607e-02 3.317743490838963999e-02 3.745419479267107776e-02 3.747348119575710790e-02
6.596398770311817650e-02 8.357487922705322814e-02 5.735617039964868019e-02 5.636802810715858814e-02 4.822134387351777185e-02 7.435221783047857302e-02 3.726394378568295002e-02 5.340360122968827034e-02 3.976723759332463637e-02 4.046991655687302847e-02
2.391249558949544787e-02 1.717828519582634966e-02 1.335752810121479742e-02 2.352437118806386188e-02 2.662432582287414806e-02 2.343868138515044913e-02 1.957255910076117350e-02 1.678007964111099398e-02 1.752608498412222549e-02 1.666918695498768865e-02
3.229141028796453372e-02 3.694314545902039476e-02 4.799409303470335286e-02 4.762490770366713949e-02 3.792763967511689205e-02 4.371154319468372601e-02 4.216096480433179777e-02 5.067683977356636504e-02 5.057839035195689503e-02 5.220280580851589802e-02
2.220858652837465110e-03 4.968231032639902969e-03 4.602046673660465347e-03 1.654757427604419944e-03 4.746541042338869344e-03 2.098137408206573930e-03 1.761643672928103668e-03 1.929890540567224958e-03 2.723619880841665706e-03 3.178876110924161533e-03
1.645614035087713048e-02 1.331929824561400855e-02 1.533333333333342444e-02 1.636491228070176274e-02 8.329824561403544742e-03 1.382456140350882962e-02 1.930526315789470732e-02 1.269473684210515457e-02 1.962105263157903207e-02 1.696140350877188563e-02
1.767752487392663940e-02 3.628731089000946514e-02 4.197628458498028209e-02 3.717050565626284220e-02 1.292353823088444875e-02 2.512471037208678648e-02 1.435464086138736606e-02 1.496251874062966107e-02 2.230066784789414697e-02 1.863704511380675014e-02
2.360702213499088487e-02 2.634391015156465135e-02 1.668302257114822468e-02 1.958346963253718154e-02 2.625667866099684611e-02 3.729146221786065751e-02 3.119616181441506320e-02 2.900447061389175088e-02 4.480427434303808909e-02 2.301820957365617593e-02
1.919911945070475537e-02 3.538969547670213489e-02 2.806750877928609195e-02 4.361863829341148385e-02 3.186749829655628752e-02 3.409507835840456386e-02 2.254835159075430778e-02 1.640023062005350335e-02 2.745951045652288841e-02 2.498034488180722601e-02
1.383146335640964009e-01 5.368823108140363676e-02 8.180950107424204976e-02 6.832179517784667255e-02 5.378371926474094511e-02 1.618763428025780937e-01 8.300310336595836946e-02 8.436380997851511410e-02 5.469085700644535364e-02 5.972785867748869881e-02
1.159081463009157750e-02 2.328034081463010302e-02 8.551537822111323142e-03 1.173108894430590146e-02 2.797173732335831581e-02 1.002701579384874045e-02 1.163757273482959875e-02 1.019846217788859637e-02 1.103491271820450717e-02 1.100374064837907756e-02
4.153768079167748095e-02 1.001014970819586736e-01 6.079675209337746106e-02 1.129662522202488084e-01 1.111393047449887594e-01 9.824917533620911025e-02 7.495559502664292384e-02 5.747272265922333256e-02 6.617609743719862769e-02 3.973610758690697409e-02
2.608876219961101407e-03 6.512751779208283617e-03 5.421629886923537076e-03 4.071885677609405133e-03 2.089743831763424438e-03 1.370509504842132298e-03 2.227549883903060229e-03 3.654692012912163276e-03 3.554641043550471700e-03 2.274743737375606398e-03
8.787310935617730426e-03 1.050060232900534851e-02 1.433543033061179285e-02 1.212019809931734818e-02 1.076161156471687128e-02 2.359791192611434413e-02 2.050595636460975438e-02 1.475706063445322326e-02 1.415473162896542167e-02 1.511176549324055353e-02
3.020571289458732003e-02 3.164002272173990771e-02 1.276677757039675065e-02 1.870486082934340669e-02 2.976345045849235205e-02 1.630487705915777477e-02 3.052422299764675356e-02 2.335267386188423153e-02 2.416822202385784935e-02 1.876572263247603192e-02
4.757770023533229586e-02 5.850036517081879522e-02 3.465065325002020941e-02 2.705510021910244312e-02 3.749087072953008470e-02 1.945954718818459009e-02 3.366874949281831869e-02 4.090724661202631285e-02 3.199707863344953412e-02 3.173740160675166816e-02
2.050976206918202899e-02 2.547554774311002607e-02 5.383891016385202594e-02 2.517421055935716717e-02 2.600288781467758464e-02 3.133906711030194636e-02 9.890765270889573246e-02 4.257015506309250186e-02 3.843304664448491531e-02 5.119593194801929509e-02
5.132971118101227470e-02 7.680869316557051296e-02 4.032027452101798193e-02 5.556191020875033554e-02 8.149842722333430767e-02 7.637975407492135493e-02 5.733485845010017484e-02 8.192736631398349345e-02 4.681155275950819872e-02 4.569631112382029070e-02
2.510193413486670744e-02 1.307893361212757524e-02 1.897543125980139661e-02 1.129116570831160959e-02 1.763721902770517061e-02 1.879769994772610003e-02 1.628855201254577820e-02 1.268687924725560127e-02 1.802927339257711509e-02 1.129116570831158184e-02
1.284401327546591254e-01 1.060250191473065123e-01 8.422261935154445878e-02 8.932856778146525123e-02 7.357671687515952852e-02 1.038294613224405583e-01 8.031656880265496123e-02 6.152667858054631372e-02 6.601991319887673404e-02 5.930559101353091722e-02
1.846943138093206987e-03 4.779820436083809417e-03 6.548097477554463974e-03 4.186404446344574488e-03 2.751603249251863541e-03 4.023941855493778745e-03 2.440359127832389223e-03 2.997862334330894576e-03 4.259940145361273620e-03 1.922188969645144581e-03
7.948344852673672536e-03 1.168303625560814137e-02 1.472050442585174680e-02 8.578877167454871527e-03 1.039772038316962542e-02 1.271977688856544900e-02 1.748514611373840760e-02 9.852067418455262571e-03 9.627743421850305794e-03 9.803564932702842766e-03
1.717972505692842364e-02 3.376697309606133818e-02 1.559838070338197789e-02 1.447035506451890829e-02 1.717972505692836466e-02 2.540271569536983395e-02 2.412077253942818134e-02 1.296280678080463482e-02 1.995234882347979646e-02 1.241249894577044037e-02
2.416294172218950986e-02 2.315931517247198784e-02 2.377498524078605277e-02 2.140507716960444312e-02 2.009783250400610372e-02 1.884962469427328355e-02 4.979337100446987185e-02 1.949903010879652787e-02 1.999662646537908595e-02 2.506536223327991697e-02
2.012276045122756915e-02 2.292634372926346739e-02 6.390179163901800463e-02 7.175680159256808688e-02 6.207697412076997739e-02 8.255640345056405871e-02 5.539150630391520558e-02 2.246184472461832532e-02 3.817186463171864941e-02 4.276708692767097059e-02
9.138647525500570579e-02 8.870419342652054173e-02 1.265583679637325987e-01 8.020400453343402847e-02 7.861730260672468440e-02 1.032867397053268965e-01 1.151870041556480179e-01 1.409142425387230058e-01 8.741972043823187377e-02 7.313940309784668081e-02
8.899442494321558109e-03 1.768187762406214433e-02 1.466721728955877949e-02 1.872117833298902329e-02 2.147429279372289196e-02 1.414412554201944019e-02 9.773556335604501738e-03 1.077844311377249009e-02 1.346272971298779694e-02 9.312409663431744228e-03
1.246386554621849163e-01 9.657142857142858583e-02 1.237983193277311655e-01 5.142857142857146929e-02 1.220840336134452614e-01 4.752941176470579232e-02 9.294117647058822151e-02 9.455462184873966724e-02 8.134453781512603066e-02 1.309915966386555886e-01
6.989996820505262748e-03 3.957248025044607029e-03 4.240956783329658669e-03 1.966395186734096190e-03 9.765940274414840541e-03 4.849952307579412716e-03 4.282534791009304231e-03 3.565925599823904692e-03 3.534130652774697054e-03 2.096020740088530478e-03
4.216961498439125711e-02 1.663198057578912231e-02 1.447277141866108036e-02 1.487166146375298523e-02 1.566944155393695803e-02 1.024106833159908400e-02 1.419528269164061288e-02 1.535726673603881806e-02 1.472424557752336285e-02 1.557405480402372297e-02
3.035436546302919605e-02 4.625246962882008372e-02 2.401950481314907293e-02 2.397746857791422520e-02 3.815629072260285498e-02 2.603304048089446002e-02 2.971121106393712769e-02 2.529740636428601253e-02 2.150994156963299125e-02 3.108999957963781702e-02
3.435345552379348577e-02 1.095510341348576860e-01 4.067597107785435318e-02 4.476206490667535703e-02 4.575416176223306985e-02 2.966201446107308987e-02 3.184799058348736223e-02 5.922313771649577452e-02 4.220615436354464844e-02 3.773331091306563606e-02
2.961092257911781406e-02 6.398863546681399228e-02 3.646910267540034306e-02 3.274406124220646808e-02 3.811853839475964900e-02 1.888564438481584590e-02 3.710046563017913024e-02 4.163049483071581958e-02 3.109462552284734602e-02 1.633651645489715698e-02
1.012580877066857066e-01 1.433141624730411290e-01 1.680445722501792694e-01 7.659956865564329642e-02 1.002516175413371013e-01 6.689432063263812955e-02 9.834651329978427725e-02 1.925952552120778205e-01 6.923076923076929012e-02 5.754852624011484730e-02
8.746221579708246888e-03 7.418846103298692291e-03 6.538309896175575550e-03 1.182152713891448936e-02 1.724273886187416976e-02 4.231830726770940965e-03 1.339860691286635236e-02 5.848337495071681894e-03 1.443685109738472236e-02 4.356682875542101235e-03
6.065468549422321776e-02 8.526957637997439887e-02 5.587291399229787209e-02 1.010590500641848910e-01 7.920410783055201187e-02 6.999358151476257894e-02 1.030487804878049279e-01 8.818998716302972607e-02 7.349165596919132737e-02 1.224005134788191118e-01
4.600204600204660377e-03 1.780351780351710446e-03 4.306504306504282953e-03 5.580305580305583782e-03 4.123354123354158567e-03 4.308154308154277939e-03 7.169257169257139614e-03 2.989802989802989308e-03 2.600402600402526663e-03 1.744051744051725115e-03
1.784732377888270660e-02 1.451886516525287968e-02 1.888856390757544940e-02 1.760163790582047055e-02 1.068148581456564682e-02 1.278736472652824627e-02 1.264697279906399491e-02 1.774202983328465252e-02 2.072535829189824791e-02 9.312664521789961944e-03
2.503723140202833430e-02 5.023757180341817397e-02 4.629104318842640342e-02 2.600879370257430656e-02 3.476349195092560268e-02 2.875327990922620092e-02 3.280618395858447833e-02 3.516062690589330519e-02 3.274235869796458809e-02 2.133891213389127461e-02
5.212765957446811177e-02 3.208510638297874806e-02 2.685106382978720216e-02 2.946099290780142960e-02 5.093617021276587026e-02 2.343262411347512425e-02 5.431205673758859875e-02 4.643971631205674744e-02 4.353191489361700472e-02 2.821276595744669560e-02
4.994356659142214216e-02 2.602990970654635652e-02 3.761286681715568514e-02 6.823504514672669441e-02 4.488572234762977509e-02 4.271303611738140604e-02 7.966986455981941995e-02 5.240547404063208153e-02 3.048814898419872216e-02 3.903075620767493259e-02
7.083199486026353631e-02 1.674590427240605361e-01 1.184709283649214018e-01 9.971088981689703312e-02 1.806617410857694339e-01 1.214262769033086775e-01 2.050754898811436022e-01 1.068101509797623611e-01 1.731127529714103774e-01 1.211371667202055386e-01
1.034918229462652300e-02 9.452547831028621297e-03 1.041863989391926884e-02 8.511713076971670969e-03 8.094967481214816046e-03 8.840058091810284666e-03 1.640462208751664389e-02 7.008903201363892062e-03 1.416303592852185753e-02 1.056386941971337347e-02
8.304039469626892100e-02 1.136910268270121815e-01 1.337033610854149179e-01 2.215849522047486087e-01 7.801418439716296949e-02 2.241751464693186313e-01 6.216466234967647081e-02 7.135368485969807717e-02 1.147702744372493255e-01 5.991366019118110620e-02
4.433834976647565984e-03 1.623248572911281662e-03 3.171769590036299397e-03 2.903995848469117808e-03 3.063829787234031987e-03 4.269849507005677065e-03 3.026466009340864245e-03 1.378308251167623122e-03 1.924234561494544797e-03 2.486766995329537169e-03
1.661760376803059908e-02 1.151751545481309764e-02 1.385045628495725975e-02 1.179717397703854316e-02 1.185604945540179832e-02 1.426258463350015340e-02 1.101707388872531085e-02 1.482926111274650294e-02 1.436561672063581610e-02 1.581542537533112136e-02
4.062760903987335664e-02 1.888585000719732176e-02 2.012379444364473247e-02 2.430401612206709028e-02 3.617964589031234801e-02 1.829854613502225613e-02 4.707067799049946544e-02 2.094141355980987107e-02 1.644162948035127886e-02 2.025622570893899008e-02
4.216950713956706120e-02 2.862736066328890050e-02 3.798940580377691001e-02 3.520267157991696649e-02 4.557807461999093673e-02 2.031321971441724106e-02 2.937586365730073673e-02 5.335099032703808503e-02 2.789037309995398561e-02 1.882772915707050382e-02
5.244665814094344458e-02 2.180790199905777160e-02 3.498014403984649190e-02 2.251463956384203158e-02 6.139193646092770684e-02 4.875143030221446017e-02 4.078212290502790383e-02 2.474254560140009412e-02 6.375445917749213154e-02 5.391397994211480360e-02
5.751072961373387971e-02 1.290925812385039784e-01 6.394849785407717702e-02 6.496014714898828979e-02 8.911710606989567407e-02 8.301655426118929870e-02 6.247700797057027799e-02 5.784794604537095430e-02 9.647455548743094633e-02 6.263028816676878552e-02
9.818976629490622915e-03 8.333800369892915491e-03 1.109118421790054702e-02 5.369052289413273754e-03 1.762035532141455196e-02 2.156027573838498537e-02 7.650058846606472805e-03 1.034018943002874141e-02 4.578826430533047831e-03 1.098469988230679414e-02
8.746579091406692097e-02 1.244116037219486492e-01 1.647783251231528245e-01 6.417624521072799737e-02 4.012041598248491936e-02 1.323481116584565020e-01 5.599343185550083313e-02 6.190476190476192075e-02 8.407224958949105487e-02 4.767378215654083373e-02
4.571198038698498674e-03 2.498176796437395590e-03 3.120393501636950246e-03 2.114916132636093619e-03 1.759585395751547994e-03 2.240600803761247806e-03 1.775102021816332785e-03 1.584247521219014996e-03 2.420593666113241352e-03 1.256846711251039016e-03
1.465507756628903722e-02 1.217955770711848240e-02 1.856089778853560468e-02 1.199251842887009804e-02 2.212564638574095188e-02 1.156892947518985831e-02 2.722521729563215365e-02 1.723511937506875397e-02 1.391792276378041662e-02 1.125536362636145489e-02
5.543051247969274509e-02 3.107369664746715068e-02 2.812287697533596281e-02 2.746713927041787365e-02 1.647319450598126733e-02 2.630039875941537347e-02 3.565204548811092000e-02 3.405700782749955524e-02 2.931324767390355857e-02 1.901343966917739756e-02
4.512051039697538568e-02 3.701559546313811649e-02 3.181710775047259798e-02 2.986767485822301033e-02 3.481805293005683921e-02 5.720699432892224767e-02 3.178166351606817597e-02 6.096408317580349900e-02 2.887523629489603672e-02 2.783553875236288722e-02
5.874195854181559623e-02 2.002859185132210493e-02 2.800571837026432850e-02 3.012151536812004288e-02 3.362401715511086076e-02 2.503216583273758927e-02 3.720514653323796217e-02 8.355968548963550735e-02 4.879199428162974556e-02 5.526090064331659613e-02
7.721354166666694052e-02 7.161458333333342585e-02 7.643229166666662411e-02 9.101562500000004441e-02 6.855468750000008604e-02 1.227213541666666852e-01 6.966145833333341197e-02 6.943359374999967526e-02 1.031901041666668239e-01 1.104492187499999944e-01
8.770567050349491883e-03 1.156697973306982166e-02 1.032412965186079584e-02 8.403361344537781802e-03 1.415860461831802870e-02 1.603700303650871378e-02 1.543676294047026387e-02 9.971047242426405582e-03 5.719935032836817243e-03 1.719511333945339046e-02
7.910344827586214544e-02 6.413793103448275912e-02 9.920689655172426624e-02 5.572413793103436763e-02 1.257586206896552650e-01 1.155517241379309806e-01 7.920689655172412358e-02 7.779310344827589097e-02 8.572413793103463020e-02 7.272413793103449375e-02
3.204378434444857173e-03 6.733167082294213082e-03 3.948094365855197782e-03 1.983978107827774444e-03 3.418445037847858518e-03 2.573212985235995287e-03 3.199964690044815579e-03 3.014587425242218604e-03 4.473329949462584790e-03 1.780945865424887926e-03
1.967764650653321817e-02 3.600657225569204450e-02 1.708004068539240028e-02 1.169705030905252019e-02 1.804240669744160142e-02 1.855879821610201263e-02 1.568734840779278245e-02 1.842578827947730785e-02 1.252640638447698185e-02 2.045223378452377949e-02
2.766477892105976416e-02 3.810321448512397208e-02 2.761692058174463477e-02 1.491584908670333214e-02 2.874425035229041803e-02 2.781367153226437308e-02 1.893063199595853424e-02 3.261014065034161663e-02 2.135811331791218765e-02 1.417404482731106710e-02
5.174944166755277714e-02 3.706263958311186574e-02 5.743911517600766570e-02 3.080931617568856071e-02 2.878868446240565038e-02 3.991279378921629151e-02 4.403913644581503722e-02 3.511645219610746993e-02 2.542805487610368814e-02 2.224821865362112266e-02
2.691432903714918029e-02 1.902956785443513793e-02 1.250315895880714859e-02 5.216704574172367770e-02 3.178544351781663335e-02 2.403967652261809751e-02 2.921405104877431921e-02 4.064316401314148341e-02 3.844452868334594098e-02 3.244882486732394988e-02
9.706474820143889959e-02 5.058992805755398170e-02 7.706474820143879856e-02 4.877697841726619937e-02 6.227338129496408359e-02 8.296402877697846290e-02 9.067625899280574997e-02 6.897841726618700320e-02 8.558273381294972948e-02 7.597122302158282325e-02
9.406565656565717137e-03 9.911616161616171664e-03 7.907196969696951225e-03 1.301557239057237608e-02 1.984953703703701278e-02 9.269781144781150117e-03 1.756102693602695775e-02 1.362058080808080211e-02 1.423085016835018944e-02 6.555134680134657582e-03
5.850462487153124808e-02 6.539054470709151912e-02 4.940904419321694163e-02 8.887461459403908637e-02 6.906474820143893023e-02 3.699897225077082574e-02 1.364594039054470853e-01 1.718653648509763654e-01 7.356115107913664686e-02 8.782117163412131444e-02
6.835351690233012166e-03 6.122725120086547346e-03 7.687797397560035793e-03 3.204564418284772294e-03 3.391741650316942858e-03 3.247412218388508968e-03 6.713573732043471437e-03 3.412037976681975889e-03 4.020927767629660018e-03 9.710664591931105621e-03
1.555928679939242582e-02 2.002878388102656559e-02 1.610298232989544956e-02 1.647077636523555655e-02 1.674262413048693485e-02 1.749420324618199130e-02 1.140161509554652938e-02 1.965299432317901829e-02 2.117214359958435529e-02 2.729671384024941194e-02
6.863789735393356628e-02 3.458533120227314656e-02 5.600248623690290417e-02 4.794441484638631290e-02 6.328360859527629168e-02 4.885455514118293430e-02 6.076185402237649358e-02 3.708932694015271148e-02 3.809714082756170822e-02 7.309980465281483430e-02
6.666666666666676289e-02 5.505238856331023251e-02 3.841236014917429054e-02 5.073699165334741301e-02 5.578050079914743248e-02 6.348783519801101671e-02 3.873201917954190859e-02 4.345586929497425449e-02 5.135855087906239513e-02 6.247558160184701198e-02
2.423009089675750780e-02 2.538325871659231556e-02 7.312440645773973791e-02 1.858635191968510680e-02 2.420974087640753725e-02 4.331840998507670293e-02 3.053859720526379273e-02 3.273639940306613538e-02 4.814136480803121038e-02 8.422195088861762768e-02
1.181031819586036424e-01 1.299969107198025720e-01 1.789928946555451594e-01 9.558232931726912129e-02 1.585109669447019032e-01 1.149212233549585793e-01 1.628359592215012641e-01 9.873339511893722276e-02 1.715786221810319812e-01 1.498300895891255258e-01
8.681653863533539059e-03 3.259150474469052310e-03 3.953908721192904777e-03 4.360596475372779772e-03 4.258924536827790423e-03 3.129236330772589090e-03 3.496384997740620542e-03 5.880027112516933614e-03 3.332580207862628936e-03 2.191595119746919586e-03
8.673103448275890082e-02 6.466206896551723871e-02 1.527448275862068883e-01 8.118620689655185740e-02 1.197517241379308789e-01 7.241379310344844833e-02 8.295172413793110155e-02 8.289655172413795681e-02 7.155862068965508638e-02 9.097931034482750756e-02
2.286719437115278426e-03 2.927181291297397715e-03 3.619511535078803483e-03 1.024738966691474476e-02 6.767697269016631489e-03 6.898495816701733299e-03 4.217125589157192170e-03 4.011907178134050365e-03 3.100827639086237066e-03 3.720993166903463403e-03
2.600943471655878941e-02 1.342448228991778743e-02 3.439673782681709757e-02 2.146797793235790189e-02 2.672903174222438297e-02 1.842168385704008940e-02 1.479971216118981109e-02 1.563924202446629469e-02 1.837371072199571465e-02 1.344846885743984470e-02
5.854199964482343505e-02 3.340880838217030052e-02 4.595098561534376180e-02 6.299058781743921420e-02 5.460397797904467665e-02 3.399928964659921365e-02 3.679630616231593238e-02 5.049724738057184692e-02 4.568460309003778697e-02 6.442905345409360995e-02
4.933404368673408036e-02 4.267448055407571661e-02 6.821168531344339037e-02 4.356242230509671520e-02 7.000532765050619666e-02 7.007636299058769835e-02 8.502930207778355842e-02 3.956668442550154152e-02 4.480554075652611046e-02 4.091635588705378607e-02
2.775742775742794100e-02 6.733821733821716837e-02 1.963776963776953446e-02 6.825396825396837230e-02 3.883462216795541266e-02 2.208655541988873913e-02 1.174196174196166093e-02 3.532763532763542880e-02 6.509971509971507198e-02 5.683082349749005169e-02
7.732468334877978799e-02 1.019153537225827300e-01 9.607661414890317220e-02 7.791164658634532059e-02 1.292554834723506907e-01 7.741736175471117254e-02 1.286376274328080160e-01 5.786221810318199071e-02 1.140562248995983935e-01 9.440840284213763978e-02
6.614324446452634829e-03 4.151604157252557908e-03 4.659963849977399701e-03 4.078174423858899750e-03 1.094103027564378126e-02 3.180072300045228180e-03 5.332128332580193635e-03 6.461816538635256624e-03 3.502033438770907510e-03 4.948034342521401459e-03
1.095172413793105426e-01 8.427586206896582610e-02 7.542068965517244317e-02 5.222068965517206313e-02 7.886896551724174864e-02 1.102068965517243454e-01 7.274482758620687273e-02 8.546206896551722387e-02 1.201103448275863683e-01 1.065655172413793733e-01
3.542836524366807516e-03 4.582459463725993901e-03 3.378210766073530547e-03 4.201339557540123559e-03 2.570868006224233393e-03 3.353404144960872666e-03 3.136909997068262380e-03 1.042103601470356633e-02 2.751279796134809257e-03 4.593735200595391692e-03
2.208363316542742705e-02 1.732629727352679241e-02 1.975693611577518383e-02 1.761413608379309645e-02 1.500759574638205196e-02 1.453585991844565106e-02 1.917326297273537483e-02 1.555928679939225928e-02 1.710242264331983050e-02 2.228352122811227964e-02
3.755993606819409830e-02 3.840348073166378884e-02 6.657787249156463250e-02 1.099271887764162736e-01 6.253773752441812994e-02 4.711862901793632818e-02 4.075652637186993887e-02 3.385721896643598128e-02 3.806162315752096431e-02 7.566151660451073124e-02
4.359793997513754238e-02 9.270111880660630854e-02 6.996980998046531397e-02 1.246137453383058674e-01 6.664890783164642563e-02 3.763097140827557918e-02 3.912271354999109080e-02 3.681406499733622800e-02 4.127153258746237702e-02 6.025572722429414080e-02
3.956043956043932275e-02 2.810337810337784625e-02 4.321665988332684671e-02 4.981006647673309057e-02 4.503459503459508045e-02 2.590557590557600320e-02 3.005698005698023006e-02 5.274046940713604525e-02 3.760683760683760507e-02 4.391534391534428206e-02
8.585109669447059388e-02 1.101946246524561218e-01 9.060858819894956895e-02 1.167130058696324302e-01 7.840593141797960741e-02 1.176397899289465254e-01 1.543404386777884052e-01 1.830398517145506165e-01 8.066110596231097774e-02 9.610750695088057793e-02
3.541572525982689471e-03 5.202214188883868759e-03 6.309308630817739641e-03 6.744238590149097615e-03 7.760957975598715280e-03 9.483732489832696899e-03 6.953230908269230140e-03 5.625847266154438558e-03 4.405784003614987912e-03 7.049254405784072600e-03
5.161379310344842847e-02 1.355034482758621373e-01 8.493793103448289694e-02 9.790344827586203169e-02 7.158620689655194325e-02 9.771034482758625406e-02 5.702068965517236021e-02 1.899862068965519624e-01 6.728275862068958113e-02 5.655172413793110864e-02
3.905858788182281494e-03 1.130331861428505655e-02 8.565120407884430076e-03 6.919470114262265929e-03 6.011289661765527315e-03 8.130377384258294718e-03 8.068921564164402427e-03 1.814084763508901771e-02 5.788227796239902093e-03 8.251012882960880035e-03
3.521626856036155079e-02 1.973854099418975716e-02 3.508715300193671061e-02 3.681407359586824635e-02 2.452388637830857712e-02 1.881052291801159002e-02 4.268076178179461971e-02 1.711588121368626259e-02 2.563750806972242557e-02 2.612976113621694879e-02
4.139500423370025273e-02 3.665855207451294839e-02 4.964542760372567254e-02 5.970575783234555178e-02 8.768522438611353609e-02 5.001587637595223540e-02 3.541490262489414842e-02 8.312341236240458620e-02 7.637066045723948926e-02 4.894686706181200497e-02
8.772226926333623331e-02 7.301016088060983955e-02 5.514394580863686557e-02 1.086155800169346930e-01 6.701947502116847866e-02 4.606265876375940233e-02 5.374682472480930839e-02 1.271380186282809743e-01 4.206181202370833094e-02 5.952582557154959680e-02
5.104027082304832263e-02 1.693349319416043164e-02 2.390859722124297204e-02 2.392975527188142756e-02 7.449749629734107870e-02 2.086183792933213668e-02 5.126595669652292409e-02 1.711686296635879512e-02 5.878411735665436955e-02 3.110938712180002369e-02
1.103758432380340798e-01 7.381946675232897714e-02 1.083841953099902444e-01 6.167683906199830646e-02 7.520077096048821685e-02 1.219402505621587501e-01 1.770960488274976319e-01 1.151622229360745459e-01 6.983617089624170882e-02 9.640218438805037149e-02
5.238430819826162335e-03 2.566361287291540894e-03 3.370918487197588354e-03 2.625088090204352916e-03 5.808080808080778694e-03 4.157857646229690465e-03 2.906976744186079431e-03 3.306319003993474226e-03 4.169603006812333708e-03 5.620155038759672497e-03
8.735302552337231852e-02 9.085173501577283039e-02 8.634929739030669515e-02 8.161743619156851259e-02 1.576713507312876017e-01 1.219959850874676455e-01 1.149412102093490956e-01 6.710639518210498311e-02 1.508459994264410575e-01 1.229136793805563344e-01
4.193923535397573073e-03 7.004409555652475056e-03 9.943305713039680624e-03 3.881378107282970700e-03 1.343945340892571672e-02 5.792993167611538118e-03 5.831758492028826790e-03 6.873576585744089681e-03 9.138925231380556208e-03 6.713669622522655187e-03
2.798488232262499528e-02 2.110462119910665874e-02 4.421920632193768186e-02 1.953272633568126776e-02 2.372444597148252662e-02 1.553856725648520426e-02 3.006356296169053477e-02 1.941247208383436312e-02 1.755712076962718388e-02 1.643188455591835379e-02
4.931653543307096266e-02 5.083464566929134232e-02 6.946771653543303005e-02 6.525984251968525163e-02 4.940472440944888854e-02 3.943307086614168677e-02 6.839055118110223819e-02 3.308346456692910775e-02 6.892598425196866385e-02 6.714960629921257196e-02
6.009070294784583238e-02 8.684807256235813067e-02 9.407911312673217230e-02 9.218946837994457244e-02 4.560342655580739563e-02 4.678760393046103166e-02 7.057193247669438230e-02 5.154950869236583216e-02 8.745275888133026421e-02 6.606198034769461547e-02
8.550969925790935511e-02 5.887254263767728590e-02 5.425074860044286351e-02 4.163520374951183711e-02 4.775419867204783175e-02 7.169639369873702373e-02 6.742611639109472033e-02 6.164561906001834318e-02 6.944408280171859849e-02 8.691576617627913559e-02
1.315539739027287436e-01 1.108540925266905397e-01 2.000593119810201437e-01 1.405100830367735365e-01 7.164887307236064706e-02 1.897983392645314071e-01 1.493475682087783696e-01 2.453143534994065567e-01 1.119217081850532314e-01 2.957888493475685499e-01
3.167538510447604014e-03 1.916129591630338826e-03 5.962255426143758807e-03 2.621311522788255695e-03 6.991127424062788115e-03 4.736857316262521947e-03 3.505679026617769881e-03 4.306233923875074990e-03 4.387156440565248908e-03 2.771596196641701489e-03
5.605419136325152929e-02 6.549534292972061800e-02 6.462037821055603704e-02 4.590742308777880781e-02 7.296076771097934066e-02 5.285069150437502611e-02 4.297205757832344569e-02 1.261360429014958262e-01 4.620378210556000398e-02 8.290996330793125313e-02
4.447150621293133668e-03 6.018988340888137452e-03 3.285749723744447320e-03 8.973231400671969477e-03 5.516090476512714239e-03 1.013012200347313679e-02 1.114268317434552978e-02 4.496763863518465909e-03 7.640439302708496028e-03 4.855332295965597914e-03
2.840809146877758609e-02 6.557128008315350753e-02 4.056928120252661224e-02 7.433437275125924504e-02 2.147597345486549139e-02 4.435116334852477749e-02 3.873830654833328863e-02 3.122251539138095472e-02 2.045254657391865766e-02 4.619013352522585714e-02
9.404635055940314958e-02 1.097407210087014140e-01 1.072500443970875600e-01 6.402060024862359089e-02 5.851092168353802525e-02 9.080536316817675035e-02 7.974160895045288855e-02 5.530101225359625172e-02 6.244894334931674895e-02 8.328005682827227529e-02
1.240809802876929047e-01 1.286805185579822375e-01 1.040845320546971986e-01 1.139051678209909158e-01 1.144201740365835135e-01 7.987923992186102273e-02 5.894157343278247363e-02 1.058071390516781562e-01 5.823122003196590235e-02 1.127686023796840298e-01
4.520417853751199089e-02 1.865418532085205694e-02 3.612128612128583105e-02 1.923755257088603787e-02 1.963776963776939569e-02 1.600189933523278249e-02 1.455704789038140060e-02 3.173246506579822934e-02 3.458146791480139898e-02 2.214760548093887976e-02
3.339511893728758229e-01 2.129749768303985102e-01 1.453197405004634235e-01 1.603645350633301769e-01 1.145505097312323889e-01 1.685202347852954030e-01 1.367933271547734364e-01 4.761816496756264838e-01 3.621254247760277711e-01 1.375656472042014189e-01
4.744690465431466997e-03 2.603931314957052927e-03 2.519204699502963947e-03 2.298915499321995976e-03 4.835065521915849450e-03 7.992544057840000882e-03 2.547446904654071791e-03 9.980795300496982103e-03 4.806823316764352594e-03 3.287392679620382199e-03
8.198620689655211624e-02 1.579862068965521837e-01 1.538758620689655576e-01 1.813241379310344126e-01 1.850758620689651746e-01 1.731034482758623261e-01 2.546482758620693398e-01 1.306482758620692575e-01 1.090206896551730587e-01 2.531586206896552782e-01
2.309334368329166338e-03 1.022175961046518748e-02 3.433128098371629553e-03 2.778610870984341008e-03 4.583384789090238706e-03 3.796552758322563510e-03 7.437856147345788850e-03 2.057054143217556738e-03 3.898876206269963687e-03 1.771254167916280590e-03
1.497373029772326378e-02 1.863897923442582941e-02 1.644358268701527279e-02 1.551163372529406649e-02 1.587440580435317550e-02 1.588066049537158533e-02 2.126594946209655820e-02 2.041531148361273168e-02 1.619339504628464904e-02 1.934575931948964017e-02
4.742530922930537907e-02 5.007040913415781308e-02 4.331874405328253741e-02 4.008753568030432729e-02 6.037678401522349886e-02 4.493244529019979616e-02 5.374310180780195872e-02 4.947288296860136159e-02 6.097811607992383032e-02 6.683158896289254081e-02
3.635256507839851325e-02 3.588065154513624816e-02 7.182219515908033758e-02 4.225909575277815577e-02 4.877454711523822317e-02 4.531892221038224394e-02 3.877302481351824204e-02 8.136702694474037822e-02 7.606941695844096629e-02 7.931191962246934846e-02
2.886424398455306184e-02 8.150311912070505593e-02 6.841271413011185132e-02 4.651945737201712561e-02 4.450935736211511506e-02 6.808594910387161248e-02 3.245865927319564748e-02 3.498366174868784012e-02 3.313199326666015077e-02 6.463016140211884364e-02
7.776274244474531971e-02 7.974740640505179057e-02 3.344158773116822636e-01 1.152007216959855529e-01 9.720342805593118474e-02 1.295895354082092499e-01 9.404600811907971869e-02 9.472259810554836679e-02 1.150202976995939874e-01 2.377988272440233475e-01
1.159715157680572643e-02 7.527975584944052515e-03 5.785859613428295106e-03 1.228382502543241481e-02 3.611393692777270514e-03 1.634028484231945383e-02 6.408952187182142927e-03 7.159206510681575576e-03 4.094608341810706924e-03 1.236012207527977143e-02
2.548447204968942725e-01 1.873291925465838115e-01 1.084472049689441803e-01 2.602484472049687581e-01 1.481987577639752585e-01 1.331055900621118115e-01 1.147204968944099679e-01 1.791304347826085941e-01 1.035403726708075262e-01 1.614906832298135808e-01
3.364561491256677986e-03 7.756381894080809948e-03 3.387645961179566387e-03 7.156185676086477404e-03 2.491199045841938249e-03 3.689667776003682960e-03 5.715330011734697652e-03 1.283688898293650418e-02 3.339553315506960281e-03 1.023796241078812376e-02
1.836038739598959760e-02 1.941072159323416202e-02 1.332696767153183047e-02 4.248397217296412398e-02 1.397490110489693106e-02 3.100531987450550614e-02 2.316873550675216734e-02 2.372118401309501398e-02 1.598008457236399157e-02 3.050061383167366330e-02
3.804428962428460514e-02 5.457078875342100122e-02 4.376212988305554913e-02 2.828564319482472500e-02 8.372729534710139643e-02 3.984075640706662147e-02 5.241104752425986002e-02 4.640955461557615125e-02 4.599651654640452003e-02 2.643443642697194951e-02
5.290605095541385527e-02 6.128582802547774544e-02 5.656847133757958446e-02 5.656847133757970242e-02 8.023487261146508565e-02 6.677945859872601309e-02 9.128184713375805948e-02 6.218152866242016713e-02 4.796974522292991872e-02 5.877786624203832494e-02
6.138435081685302691e-02 4.184866723989688619e-02 3.921754084264829354e-02 5.220980223559756883e-02 6.405846947549423409e-02 1.889079965606146536e-02 1.924333619948399854e-02 2.812553740326733526e-02 2.361994840928632877e-02 3.360275150472907812e-02
8.539545810493333333e-02 1.205559906029759071e-01 1.284259984338291527e-01 8.057948316366467245e-02 3.956930305403285608e-01 9.827721221613164304e-02 6.080657791699264902e-02 1.370399373531713261e-01 9.498825371965517739e-02 1.483946750195771214e-01
2.642717410634915116e-03 4.897741419171230438e-03 2.710296994486943809e-03 3.290058687533254072e-03 2.375955895429565472e-03 2.859683443001870013e-03 4.143695536190960746e-03 3.368308731993951977e-03 2.354614974213242728e-03 3.603058865374397703e-03
7.201667535174571810e-02 9.143651207225980682e-02 7.392739273927395605e-02 7.333680736494707642e-02 4.931387875629651696e-02 1.051763071043946840e-01 1.126628452318916007e-01 5.028660760812903030e-02 6.833420184123688290e-02 4.429390307451792214e-02
2.189217222430711682e-03 5.556904199677753162e-03 2.968243109041507344e-03 3.087414207843206752e-03 4.687396552865585701e-03 3.060931741442843128e-03 2.008253702028109464e-03 2.365766998433146973e-03 4.460088716262494701e-03 3.535409264449498965e-03
1.319928018151941829e-02 2.199358422658637818e-02 1.870745638056487206e-02 2.847195055160010521e-02 1.787810030514037224e-02 1.289413973867446425e-02 1.881699397543232927e-02 1.867615992488855237e-02 1.269853689069719294e-02 1.050778499334939498e-02
3.040599824519419486e-02 2.976788705431918092e-02 2.249607827497275211e-02 2.720746590093310949e-02 3.375342320065935486e-02 3.665417032251196833e-02 1.571880566855410333e-02 3.044853899125237254e-02 4.149052139001885992e-02 1.875781021509669369e-02
2.662979900031916397e-02 3.034138041050746248e-02 3.122407742209948323e-02 1.917473146867995290e-02 4.484738913112831793e-02 3.997660321174116571e-02 2.464107199829837502e-02 2.554503881739874499e-02 4.123152185472751113e-02 3.739232159948953360e-02
2.168941117007847780e-02 1.860626737427327829e-02 5.657063431892854488e-02 3.419888804649974523e-02 2.582132928986597201e-02 3.287212534748543136e-02 8.378190548395267334e-02 8.210133939853427043e-02 5.859236795552197341e-02 4.371998989133191182e-02
7.608633093525182800e-02 6.811510791366905126e-02 1.181294964028777456e-01 7.922302158273385186e-02 7.746762589928053722e-02 4.633093525179855787e-02 6.477697841726623440e-02 9.858992805755396882e-02 6.333812949640292567e-02 1.101294964028776691e-01
7.680976430976416830e-03 5.245159932659953714e-03 7.623106060606061121e-03 8.270202020202045701e-03 8.001893939393983982e-03 8.570075757575739903e-03 7.702020202020184829e-03 7.417929292929312940e-03 6.355218855218862893e-03 1.655092592592594114e-02
8.216855087358700127e-02 1.364337101747174763e-01 5.462487153134629181e-02 5.436793422404923720e-02 5.901849948612547525e-02 4.609455292908528484e-02 9.391058581706068775e-02 4.072456320657760753e-02 4.267728674203499772e-02 8.943987667009273279e-02
4.689603425065660275e-03 4.329883256460650975e-03 8.538388541919633354e-03 2.800520821839308332e-03 5.192770286672717880e-03 1.025754198574362411e-02 2.793900205239155301e-03 3.129344779643847795e-03 3.224240284245177487e-03 5.005186149670094037e-03
3.918316250684613505e-02 2.207964947969644903e-02 2.080431891088321480e-02 2.197793599874813333e-02 2.110163523980913489e-02 3.376105156091079029e-02 3.135122447382826527e-02 2.454424536421252051e-02 1.977935998748135693e-02 1.622721226821052104e-02
2.443965861051297650e-02 3.038206907553636996e-02 5.910770785142643174e-02 3.601871792826567831e-02 3.643880779559185296e-02 5.074845125096370119e-02 2.243492595251362839e-02 2.157347584483277486e-02 2.887453138709411213e-02 4.400042540746069986e-02
2.601297458258004097e-02 4.443262788471771807e-02 3.079868127193441038e-02 5.246198021907889919e-02 4.633627565670538767e-02 7.686908433478667479e-02 2.795916196958405861e-02 2.610868871636723085e-02 3.140487078591937958e-02 5.757736892481114810e-02
2.516426585797318372e-02 4.663254991154934526e-02 8.580363912054579656e-02 3.671973717462727327e-02 4.982941622441242058e-02 3.116628759160979326e-02 2.915718979024503957e-02 4.457290876926948281e-02 3.966388678291624115e-02 3.023123578468541600e-02
1.019280575539569245e-01 1.768920863309352276e-01 7.743884892086322358e-02 9.608633093525183189e-02 8.578417266187052248e-02 1.085755395683453972e-01 9.228776978417271848e-02 1.957697841726619425e-01 7.669064748201442905e-02 6.673381294964028654e-02
8.028198653198646492e-03 5.476641414141423386e-03 1.017992424242425420e-02 9.096170033670043092e-03 4.787457912457935769e-03 4.876893939393956053e-03 6.386784511784520529e-03 5.108375420875432664e-03 9.974747474747490406e-03 1.391519360269358879e-02
6.587872559095579728e-02 5.799075025693728458e-02 5.544707091469670834e-02 5.804213771839681485e-02 1.347379239465572587e-01 5.786228160328883707e-02 8.255395683453228828e-02 7.276464542651592260e-02 7.142857142857129971e-02 6.145940390544729626e-02
9.679092528696735948e-03 3.127889407572795842e-03 3.423313713551187631e-03 3.098572491712317956e-03 5.340188981349950140e-03 8.786054168639922946e-03 7.690052544933734593e-03 2.316036352975663938e-03 4.393027084320016984e-03 4.354689578964126770e-03
1.808587191172940367e-02 2.464220036779413148e-02 2.975133925002003757e-02 1.495162708883025771e-02 1.431198528823860415e-02 1.655872711281685533e-02 2.832813624370360966e-02 1.601503158231392873e-02 1.642280323019116098e-02 1.638282561765422654e-02
7.142159474338480307e-02 5.694814420174043601e-02 4.849937844077439886e-02 2.930651749245231918e-02 4.610637542177251774e-02 4.612857396554824463e-02 4.877908009234614706e-02 3.248090925235289084e-02 5.145622447167464558e-02 4.959598650328533170e-02
5.785828449653689087e-02 6.899307405434212948e-02 7.551056650683718452e-02 5.018646776771429341e-02 1.241697744627951877e-01 4.828627242052917906e-02 6.862013851891293759e-02 4.153791511276848369e-02 4.965370271710173311e-02 3.283608595276146097e-02
4.698819698819700630e-02 5.801112467779123705e-02 4.392891059557753330e-02 3.740333740333742774e-02 3.998100664767326173e-02 4.264685931352610315e-02 9.288427621760962649e-02 2.488807488807480428e-02 2.160493827160497871e-02 6.997693664360352117e-02
6.821130676552399075e-02 1.711770157553290650e-01 1.177015755329008234e-01 1.216867469879517605e-01 7.303058387395759687e-02 5.449490268767370055e-02 1.177633611368554822e-01 1.140562248995985184e-01 8.439913500154481996e-02 9.332715477293790363e-02
3.434252146407557136e-03 6.862855851784915341e-03 4.603479439674679208e-03 3.643244464527772494e-03 4.840713962946103024e-03 3.756213285133325371e-03 8.399231812019831642e-03 3.332580207862562149e-03 2.423181201988239448e-03 5.157026660641651078e-03
9.983448275862089050e-02 9.619310344827604331e-02 1.238344827586208563e-01 1.006068965517241121e-01 8.733793103448281303e-02 7.859310344827602490e-02 1.007172413793103322e-01 6.604137931034492759e-02 6.772413793103451707e-02 8.383448275862068200e-02
3.098618572524905555e-03 9.298254029163460430e-03 3.957214121258575794e-03 3.551899462778148990e-03 1.049021488871835703e-02 1.055257099002299484e-02 9.583653108211687144e-03 6.916730621642407963e-03 6.082118188795049112e-03 1.422198772064465176e-02
1.338321571294960426e-02 1.276252019386095969e-02 2.770172604370389410e-02 1.746450131791509042e-02 3.627242581413158556e-02 2.561856984950287505e-02 3.029504293852562299e-02 2.606070912337380557e-02 2.163081370631730199e-02 2.994643312643487792e-02
5.506109913088937796e-02 6.743775730248963152e-02 4.836306606547733505e-02 4.207018231719273499e-02 6.717637064627848820e-02 9.131542834738257119e-02 8.234333137293349536e-02 4.676860746258906798e-02 4.146245834150187604e-02 6.268052015944593214e-02
4.187140616832188411e-02 8.426555148980674481e-02 7.255619445896502318e-02 6.129116570831154298e-02 8.633037114479864826e-02 7.838473601672754643e-02 5.329325666492441133e-02 7.049137480397271727e-02 5.271824359644541880e-02 1.576319916361735296e-01
7.833854709767114344e-02 3.279110184219660717e-02 3.784497740702113394e-02 6.713938129996550874e-02 6.569343065693422634e-02 3.177615571776164216e-02 6.284323948557514472e-02 7.813694820994074308e-02 6.294056308654835674e-02 4.667361835245058960e-02
1.720075997466749551e-01 8.027232425585811848e-02 8.036732108929699192e-02 9.499683343888541687e-02 1.469917669411018035e-01 7.986067131095608840e-02 8.796706776440767206e-02 1.304623179227358543e-01 1.207093096896768858e-01 1.058264724509183075e-01
3.033285094066529020e-03 5.146164978292300414e-03 6.419681620839356485e-03 7.351664254703339091e-03 4.098408104196838223e-03 6.037626628075254062e-03 1.643994211288002686e-03 3.010130246020314981e-03 3.606367583212710844e-03 6.767004341533933154e-03
7.944585807181187009e-02 5.889171614362450485e-02 7.037037037037012499e-02 1.420695504664969133e-01 1.402883799830365041e-01 7.681651116765619847e-02 7.333898784280443173e-02 1.513994910941475480e-01 1.068419564602771932e-01 1.086231269437373248e-01
2.261607828089015875e-03 1.721987720644604881e-03 3.314466615502581048e-03 8.962490406753616939e-03 6.813603223330771952e-03 7.075019186492726743e-03 1.952225633154291940e-03 3.180161166538811313e-03 2.079336147352211801e-03 3.794128933230952929e-03
2.356942436867617147e-02 1.623161295808175919e-02 2.400306096420368185e-02 2.167332709803588761e-02 1.937760394524271415e-02 2.446220559476231654e-02 2.000680214267496274e-02 1.959867358217839972e-02 1.422498086897362388e-02 1.311963268429561930e-02
4.818663007253488895e-02 4.712147944847418224e-02 6.643141867607665896e-02 6.572567470430626391e-02 6.032150558713982036e-02 5.052604064562479097e-02 4.478860354178923475e-02 4.419394889890865263e-02 4.131869568058534753e-02 6.752924263216369960e-02
5.697856769472037231e-02 7.974385781495033076e-02 5.209095661265033400e-02 8.084161003659177946e-02 9.715107161526398416e-02 4.142707788813385777e-02 3.742812336643996929e-02 7.195504443282807472e-02 8.353371667537903833e-02 8.865656037637222042e-02
2.331595411887381342e-02 3.071254779283979358e-02 1.799096280848112156e-02 2.063260340632611795e-02 3.224887035106024230e-02 3.962460896767459190e-02 1.145637817170667289e-02 3.677441779631558660e-02 8.821689259645475872e-03 2.218282933611399194e-02
1.008866371120962502e-01 8.530715642811904920e-02 9.841671944268509664e-02 8.128562381253942593e-02 1.934768841038631837e-01 1.557314756174795478e-01 8.771374287523756030e-02 2.413869537682076793e-01 8.812539582013934059e-02 9.667511082963892166e-02
2.066570188133142957e-03 1.649782923299558798e-03 2.489146164978395335e-03 2.610709117221432334e-03 3.525325615050700634e-03 2.396526772793039581e-03 3.901591895803224828e-03 5.319826338639643826e-03 3.907380607814736270e-03 2.975397973950832595e-03
6.607294317217959900e-02 6.740175289793577662e-02 5.439638111393819975e-02 5.860899067005932717e-02 1.706530958439352874e-01 8.289510884930741119e-02 1.058241447554423564e-01 6.465931580435391179e-02 1.648289510884930475e-01 7.220808594854399853e-02
1.453249494926566257e-02 8.789412752820456934e-03 1.729053639933716968e-02 1.139309468140649491e-02 1.879781172678368292e-02 6.285610514607416210e-03 8.755362858375085461e-03 1.555626177558849625e-02 1.152929425918775008e-02 2.600049939845188590e-02
3.265191146881266104e-02 3.121931589537239524e-02 2.343661971830976465e-02 2.345271629778670347e-02 3.539637826961769540e-02 2.739637826961759462e-02 2.027364185110678424e-02 3.125955734406438147e-02 2.727565392354115020e-02 2.334004024144892275e-02
8.114332627576353874e-02 7.400077777297665860e-02 1.161863198375319289e-01 7.565570582897604424e-02 1.627706001814803183e-01 4.155900272220577896e-02 6.349220066542816954e-02 5.247807112301755561e-02 5.539039882469848353e-02 8.605193795100010701e-02
1.268060836501900268e-01 1.281195990321465639e-01 1.477531973729690751e-01 9.389906671275477512e-02 1.712754925682681006e-01 5.338748703767719206e-02 6.664362253715852558e-02 7.042862080884886022e-02 7.820601451780154201e-02 7.699619771863150386e-02
4.679808770583734900e-02 7.261405890338197555e-02 7.645635365637730441e-02 4.558224635542713898e-02 3.497019418048759321e-02 4.928879183143487774e-02 4.214719943339441388e-02 5.464793720120408871e-02 2.561529835330219468e-02 5.985952900903031976e-02
1.958870967741933589e-01 1.765322580645159456e-01 1.386021505376345275e-01 2.177688172043009962e-01 1.228494623655913415e-01 1.346505376344089289e-01 1.097580645161289475e-01 1.037634408602150504e-01 1.256451612903224935e-01 2.572849462365590645e-01
4.278273809523813406e-03 5.834573412698352071e-03 5.989583333333303380e-03 5.797371031745946098e-03 6.851438492063415681e-03 4.358878968253987463e-03 5.735367063492091688e-03 6.696428571428597945e-03 3.025793650793656524e-03 3.893849206349202924e-03
5.533010296789834387e-02 9.218655360387628672e-02 1.992125984251969795e-01 5.978195033313135620e-02 1.009388249545731808e-01 1.071168988491823515e-01 9.164142943670497421e-02 1.738037552998183688e-01 1.911568746214413472e-01 1.161720169594183116e-01
6.531487619419082749e-03 9.196074608435810677e-03 9.290310001949774951e-03 8.770390589458680955e-03 1.265678819782928982e-02 8.104243842204483794e-03 1.193864950932615326e-02 5.010723337882699163e-03 7.724052771820408281e-03 1.966920127380267225e-02
3.084101382488459164e-02 2.029953917050687090e-02 3.488479262672813247e-02 3.193548387096779850e-02 2.271889400921642266e-02 2.134792626728104076e-02 3.944700460829481115e-02 3.461981566820283851e-02 2.304147465437795389e-02 2.571428571428568954e-02
7.586770110249094201e-02 6.476112699060833366e-02 7.435104707460785112e-02 1.328122265647787570e-01 8.020183165140282178e-02 5.865951117074034993e-02 5.611036574695196788e-02 4.682377646852918518e-02 5.861867817768184885e-02 6.976608528262251419e-02
1.098226784881007889e-01 7.536164255716283622e-02 8.581427904806344931e-02 1.070228651423238558e-01 1.033131124591694094e-01 5.734951003266446773e-02 9.216052263182453186e-02 6.420905272981800027e-02 6.479234717685489198e-02 5.004666355576293385e-02
7.614149070564875388e-02 5.751669373759239062e-02 3.029236599891692305e-02 1.777657462551879286e-02 6.171268724057026728e-02 3.962281176682914963e-02 3.056307525717386064e-02 3.770979967514858505e-02 2.424652589785224188e-02 2.994044396318364110e-02
1.252363337443487823e-01 9.794492396218661134e-02 1.060419235511714242e-01 1.121249486230989911e-01 1.045622688039458681e-01 1.354706124126595079e-01 1.039457459926018679e-01 1.627620221948214152e-01 1.424578709412250288e-01 2.675709001233047002e-01
4.613072877535740433e-03 3.546205860255347182e-03 3.809166040570988090e-03 6.093163035311733103e-03 6.040570999248940851e-03 2.464312546957225791e-03 8.504883546205788472e-03 1.773102930127701347e-03 5.281743050338095005e-03 6.386175807663463030e-03
1.068623853211007751e-01 1.511192660550458866e-01 1.194495412844033821e-01 9.875229357798157026e-02 2.744587155963305602e-01 9.926605504587157625e-02 4.132110091743118607e-01 8.187155963302761297e-02 1.416146788990826078e-01 9.750458715596319048e-02
9.700552575979270661e-03 1.375345359987001186e-02 1.177271249796861020e-02 2.183894035429858292e-03 1.239232894522999603e-02 4.461238420282849504e-03 1.789980497318385128e-02 5.661872257435496616e-03 6.460263286201856428e-03 8.566959206890923523e-03
2.613800057620277797e-02 2.360270815326992455e-02 1.959809853068280455e-02 2.291126476519749280e-02 2.024632670700100487e-02 2.496398732353794295e-02 2.423653125900317867e-02 3.303082685105161037e-02 2.682224142898301938e-02 2.922788821665240483e-02
6.813904572124421244e-02 7.281080482674644194e-02 4.707184766965600425e-02 3.196612421122554948e-02 7.265581755784347728e-02 4.010295582862813402e-02 8.352706741946200331e-02 4.895383593490536950e-02 5.456105391342844918e-02 4.492416694342980799e-02
9.353410097431366643e-02 8.538529672276377880e-02 6.824623560673161171e-02 5.004428697962827466e-02 9.864924712134645612e-02 5.179362267493355793e-02 3.961470327723626284e-02 7.309565987599644932e-02 7.821080602302940554e-02 8.441098317094777870e-02
3.906489223884106188e-02 4.520668943587305422e-02 7.089270992815890904e-02 3.983629725591822379e-02 6.109409963490767398e-02 4.462371923212787861e-02 1.175774349311036193e-01 3.829937580968075655e-02 4.904604875750799564e-02 8.836415027676360057e-02
1.630732099758647469e-01 8.318584070796461449e-02 1.824349691606328983e-01 1.073746312684367987e-01 1.101367658889782081e-01 8.817377312952562329e-02 8.286403861625085687e-02 9.898096004290694860e-02 9.224993295789757353e-02 1.037007240547062614e-01
1.784751164501063815e-03 4.030399607747004245e-03 1.941652365775925265e-03 2.382936994361351500e-03 1.441529786712380991e-03 1.603334150527080480e-03 1.671978426084819299e-03 1.809266977200285446e-03 3.525373866143632993e-03 3.270409414072073234e-03
1.269396551724137900e-01 1.144875478927201845e-01 1.117097701149426248e-01 7.576628352490424878e-02 4.789272030651338385e-02 7.634099616858251725e-02 1.267241379310344862e-01 7.334770114942532060e-02 6.901340996168578434e-02 5.335249042145588649e-02
4.430745521094220547e-03 6.343396537964101495e-03 1.519663153259766773e-02 7.862509288053496151e-03 9.142196659052666610e-03 9.926521176762022336e-03 5.437983322784011725e-03 1.027602718991671785e-02 7.215785562924771634e-03 7.350634339653912622e-03
2.041174748755979901e-02 3.362279246755777579e-02 1.947507073860853949e-02 2.601229388232985731e-02 2.467557810518096820e-02 3.447165577129454594e-02 2.792467557810518822e-02 2.021660649819480640e-02 2.873451068396917080e-02 3.373012001170842128e-02
8.351595617051887910e-02 1.441174118211628885e-01 7.210269535311526756e-02 9.680876589618486738e-02 1.291689994401343800e-01 4.974006238502742122e-02 4.447732544189406112e-02 4.391745980964559259e-02 6.703991042149919088e-02 5.301127729344970452e-02
7.210492642354446313e-02 1.952975047984643608e-01 5.377479206653874161e-02 1.492322456813820475e-01 1.087651951375560033e-01 5.342290467050524183e-02 5.447856685860519993e-02 6.004478566858605093e-02 1.018234165067179592e-01 1.018554062699936202e-01
2.092839036755403392e-02 8.108365019011398722e-02 2.899239543726229995e-02 4.152408111533571755e-02 1.878168567807361744e-02 2.580798479087446223e-02 7.169676806083633003e-02 3.983681875792154797e-02 5.201996197718633530e-02 7.986375158428396515e-02
9.559884559884578026e-02 1.405483405483404225e-01 1.954184704184707688e-01 1.669552669552669677e-01 1.081529581529579731e-01 8.575036075036082672e-02 1.063852813852817075e-01 2.238095238095239303e-01 1.718253968253973807e-01 1.040404040404041830e-01
2.156992084432696449e-03 9.564643799472414979e-04 2.104221635883985093e-03 1.781002638522455241e-03 1.596306068601649562e-03 3.298153034300766069e-03 9.630606860158375188e-04 2.605540897097646975e-03 2.071240105540927794e-03 3.120052770448500032e-03
1.424291237113401998e-01 1.577641752577319534e-01 1.505476804123710710e-01 1.163981958762886765e-01 1.087628865979380494e-01 8.585695876288659822e-02 5.438144329896904550e-02 1.596327319587628746e-01 1.445876288659793951e-01 1.027061855670103607e-01
1.125078312887781498e-02 1.353852994078525232e-02 8.528526100927797185e-03 7.364442917483503791e-03 1.202279662900909360e-02 5.014045795355918239e-03 1.766132454881669950e-02 9.617833107657448172e-03 9.146945292132335759e-03 1.957721145490192924e-02
2.179551479544314038e-02 3.694920111771873156e-02 2.792147309593761770e-02 5.209572257648495408e-02 3.058680232141594221e-02 1.938095579279225378e-02 4.973848248190855525e-02 3.124596976427592571e-02 2.554273841083310945e-02 2.444651429390295311e-02
6.395812937721227776e-02 1.069432939227350776e-01 7.411702688455440446e-02 1.428119587318321670e-01 8.436629264251827021e-02 6.806988478048034419e-02 1.256344604262371045e-01 9.280819338805643137e-02 9.356879283078531340e-02 1.147978010392348147e-01
1.217168674698792113e-01 1.325301204819275824e-01 5.457831325301192027e-02 1.218072289156626742e-01 2.053614457831326734e-01 4.466867469879526320e-02 2.184638554216867257e-01 9.424698795180720678e-02 8.656626506024102385e-02 9.262048192771096811e-02
6.539798950496308882e-02 5.540241512296894405e-02 9.146487955996740471e-02 4.583675791869511185e-02 3.208573054308627714e-02 4.270721375734972541e-02 3.510779541000192544e-02 3.913510779541026774e-02 9.197066447493204566e-02 9.541000189669315845e-02
1.765620501007775789e-01 2.391304347826088139e-01 2.797581341779441511e-01 2.486323063633751329e-01 8.289663115462116150e-02 9.789807083213361572e-02 1.673481140224587493e-01 1.161819752375466142e-01 1.245608983587676577e-01 2.527785775986178818e-01
2.668982943777630998e-03 1.610865445356924035e-03 3.269109286165527983e-03 1.731943567066740247e-03 1.784586228679718722e-03 2.463676563487049269e-03 4.074542008843984146e-03 2.147820593809224386e-03 2.100442198357544039e-03 1.837228890292708040e-03
8.503856041131106769e-02 1.278920308483292856e-01 6.704370179948576647e-02 7.781491002570702087e-02 1.693059125964011258e-01 9.395886889460181024e-02 7.820051413881752567e-02 9.773778920308476281e-02 1.090488431876606990e-01 7.699228791773797542e-02
1.293759147731366084e-02 1.043741152194261300e-02 2.116994985243654884e-02 1.147635386424171976e-02 6.250449888427665572e-03 5.573817693212099710e-03 2.034935336036661213e-02 1.126760563380287995e-02 2.203133622861532318e-02 3.400916572689975659e-02
2.500212675457265388e-02 2.412590387069343811e-02 2.803913228413461300e-02 2.997873245427504912e-02 2.063802637175675414e-02 3.350063802637144594e-02 2.257762654189695434e-02 2.543598468736703311e-02 6.574223734581047252e-02 5.392598894087630157e-02
9.203330278032378908e-02 9.872441185456762303e-02 1.894362969752518278e-01 1.108997861289338499e-01 1.512603116406966153e-01 8.772532844485182724e-02 1.491979835013748645e-01 6.856859150626345989e-02 1.324549343110296151e-01 2.358463183623587534e-01
6.669721967613832792e-02 7.791017415215420461e-02 1.427131072410632862e-01 8.026275588145415085e-02 1.157653528872596149e-01 9.352276199205621088e-02 8.707607699358384246e-02 6.083104185762292643e-02 1.730827986556674192e-01 1.997250229147574385e-01
1.187579125052750373e-01 8.373892249261491449e-02 1.264594176396119374e-01 3.837389224926114617e-02 4.512589675059799910e-02 6.192854128569438843e-02 8.665775777183841455e-02 4.992966661977766424e-02 8.591222394148267938e-02 2.456252637501755431e-01
1.047725816784113584e-01 1.288917360666239631e-01 1.689622037155670276e-01 1.475656630365148880e-01 1.787636130685457680e-01 1.984625240230620813e-01 2.080717488789238234e-01 1.231902626521460820e-01 1.844650864830235382e-01 1.382447149263294206e-01
3.103953147876892162e-03 1.446559297218141631e-03 1.387994143484649976e-03 4.638360175695466214e-03 2.184480234260599563e-03 3.449487554904850581e-03 2.770131771595918131e-03 4.732064421669046270e-03 2.957540263543223524e-03 4.960468521229921199e-03
1.431636155606407501e-01 9.919908466819235549e-02 5.514874141876425356e-02 1.517734553775745843e-01 6.473112128146443767e-02 8.023455377574395531e-02 1.174771167048056231e-01 1.698226544622427336e-01 1.090675057208238263e-01 6.973684210526304161e-02
4.530076541017852981e-03 6.576768961297586001e-03 9.031360222664781140e-03 5.422655181514968170e-03 8.983372123713268681e-03 5.629004007006246230e-03 5.357871247930523495e-03 5.724980204909216504e-03 9.604818005134714912e-03 1.027665139045523188e-02
2.598043385793285392e-02 2.984262016163329381e-02 1.944704381114414904e-02 2.813270948532536203e-02 2.051042109740538327e-02 2.358996171841769643e-02 2.545299872394726423e-02 1.933645257337295725e-02 3.452998723947239834e-02 3.396852403232668294e-02
4.113962725328466907e-02 6.061717079132303287e-02 1.122212037885733510e-01 5.252826153376123630e-02 6.925603421937072401e-02 1.130843263061410975e-01 6.860678276810271148e-02 6.033455545371226025e-02 1.016651390161932289e-01 5.824167430491922898e-02
1.166208371524594806e-01 9.703635808127111795e-02 6.993583868011005178e-02 1.326917201344332276e-01 5.142071494042142060e-02 1.121906507791017304e-01 1.019859456156431421e-01 8.985640085548460276e-02 7.488542621448243675e-02 8.808432630614088099e-02
7.850611900407947208e-02 6.020537347024886021e-02 4.895906597271056787e-02 1.125474750316498157e-01 6.328597552398354531e-02 4.459136306090866197e-02 8.134055422703624638e-02 4.907863271908846636e-02 4.162329441552947706e-02 1.183148122098749699e-01
1.224855861627160147e-01 1.777386290839201854e-01 1.335361947469573818e-01 1.035233824471493563e-01 2.116912235746315485e-01 1.090967328635490674e-01 1.006085842408712128e-01 1.474055092889172969e-01 1.415118513773222508e-01 1.039718129404229863e-01
3.818448023426057863e-03 1.991215226940002119e-03 9.569546120058603639e-03 2.939970717423112754e-03 1.862371888726210931e-03 5.300146412884387641e-03 3.068814055636870548e-03 2.535871156661784545e-03 4.351390922401133024e-03 4.556368960468149334e-03
1.126716247139589594e-01 5.815217391304342009e-02 1.209096109839816052e-01 7.236842105263138758e-02 1.139874141876430075e-01 9.682494279176208363e-02 6.770594965675058585e-02 7.228260869565199254e-02 7.946224256292906685e-02 1.022597254004576628e-01
1.446548601945915613e-02 5.015192903839657546e-03 7.633283201866072724e-03 1.453301003652434850e-02 1.637457413830154321e-02 1.273441576378867533e-02 1.790307234277638965e-02 7.611798287345369202e-03 1.464964242963693458e-02 2.312390657131475555e-02
2.553862894450497148e-02 4.176278563656165427e-02 5.000000000000012768e-02 4.722524483133846984e-02 2.820457018498382859e-02 3.201305767138198227e-02 2.937976060935813122e-02 1.903155603917312116e-02 2.244831338411323873e-02 2.211099020674664462e-02
8.961953968999530895e-02 1.594927195866602532e-01 1.320338186942223713e-01 1.818412400187882083e-01 2.106528886801313505e-01 1.193518083607324476e-01 8.310004697040894450e-02 6.410521371535948809e-02 8.806012212306263409e-02 2.265664631282294783e-01
7.583615182262341825e-02 1.145809845922584613e-01 1.051860202931230032e-01 2.252536640360764952e-01 2.308154829011649645e-01 5.776024051108619162e-02 8.985343855693304904e-02 6.095452837279226321e-02 1.244269071777530100e-01 1.959413754227734561e-01
5.254852320675112987e-02 3.115611814345985858e-02 1.432236286919828794e-01 5.019409282700425246e-02 5.648101265822774025e-02 7.406751054852331317e-02 9.524050632911373881e-02 6.002531645569611496e-02 5.074261603375493368e-02 8.843037974683538860e-02
1.183320522674865122e-01 1.436971560338203835e-01 1.500000000000001610e-01 1.731744811683322560e-01 2.815910837817067192e-01 1.633743274404303170e-01 1.644888547271335377e-01 1.842813220599540946e-01 1.649116064565719908e-01 1.680245964642580747e-01
1.432990341518814185e-03 1.818067041222138150e-03 2.215769206489493284e-03 2.354649327693969507e-03 3.112177261536508421e-03 2.158954611451313448e-03 6.514740231046056186e-03 1.912758032952466139e-03 1.944321696862582986e-03 2.613471371756825867e-03
1.131627620221948294e-01 1.209309494451294847e-01 2.560110974106042381e-01 1.476263871763256463e-01 2.021886559802709704e-01 1.265104808877929032e-01 1.258323057953145141e-01 1.191122071516644843e-01 7.897657213316899849e-02 9.109124537607907190e-02
7.112384202827964734e-03 1.012514220705346135e-02 8.111896635787582688e-03 7.260685844303797244e-03 1.311149032992043641e-02 4.493742889647430599e-03 1.472249309280051696e-02 7.020965382740136998e-03 4.229644076060500198e-03 7.110352673492712459e-03
2.978248343416897703e-02 1.744454047824833820e-02 2.088014981273409593e-02 2.500000000000013323e-02 2.724719101123581483e-02 2.258715067703850887e-02 2.415010083549408090e-02 2.697349467012395002e-02 1.830884471333909386e-02 3.578219533275713016e-02
6.868150116240417935e-02 5.269013616738619371e-02 4.785785453337750711e-02 7.652496402081240823e-02 6.510572345842960407e-02 5.071958374847783391e-02 8.906786228274130024e-02 5.794309753127430129e-02 5.437285508690378744e-02 5.909996678844231521e-02
6.855624446412762751e-02 5.137289636846772978e-02 6.844552701505741965e-02 1.502878653675820131e-01 1.418733392382639513e-01 6.222320637732516035e-02 5.491585473870705392e-02 6.166961913197548106e-02 4.658990256864480733e-02 1.042736935341010418e-01
4.925803792250599278e-02 5.425156047579776653e-02 8.496054646095835272e-02 2.691084677894251681e-02 3.663290542927803012e-02 2.952537981392062624e-02 9.078435991049339793e-02 4.196207749381679342e-02 3.175126604640185479e-02 3.026145330349776924e-02
1.169750603378921783e-01 1.434164655403592503e-01 2.136229552158752099e-01 1.303566639849826625e-01 1.176991150442478345e-01 7.551622418879040677e-02 1.699919549477069136e-01 8.970233306516491034e-02 1.248055779029230428e-01 1.134084204880665830e-01
1.966168178475146897e-03 2.196616817847518634e-03 2.481000245158138280e-03 2.088747241971089606e-03 3.638146604559888784e-03 1.559205687668507780e-03 2.961510174062265133e-03 1.515077224809968908e-03 3.054670262319214742e-03 4.550134836969832799e-03
5.711206896551722367e-02 1.290469348659002424e-01 1.089559386973182054e-01 5.802203065134091398e-02 6.127873563218402819e-02 6.671455938697323784e-02 8.457854406130271840e-02 5.593869731800729661e-02 8.400383141762460260e-02 1.202346743295017173e-01
6.401748138556121077e-03 4.815474263515723274e-03 3.961638070572995329e-03 4.487698284234340959e-03 3.002589834897981431e-03 8.117513758497917065e-03 5.677403690514726264e-03 4.653609582389094806e-03 5.786662350275141066e-03 3.820006474587278687e-03
3.051649928263995906e-02 4.530846484935440593e-02 9.024390243902424835e-02 3.711621233859414143e-02 3.612625538020086680e-02 4.489239598278332855e-02 5.299856527977031551e-02 3.327116212338587092e-02 6.754662840746042396e-02 2.758967001434729088e-02
2.837322827902155967e-02 5.652378709373540727e-02 3.779814156639378642e-02 2.571832312764929171e-02 3.803365734595121755e-02 2.626215047317272816e-02 8.735066158523518975e-02 3.267674388729516904e-02 1.936367918468712146e-02 4.609686121697437189e-02
8.137675507020275534e-02 9.972698907956317749e-02 9.740639625585008343e-02 7.016380655226182872e-02 1.388455538221528007e-01 6.807722308892345808e-02 7.884165366614662163e-02 1.780031201248049311e-01 1.094188767550701435e-01 1.019110764430577465e-01
2.522787956910022000e-03 4.566798637326219094e-03 4.235337445907360991e-03 6.472700487984529155e-03 3.379062701408675016e-03 3.692109382193142428e-03 2.449129914372493930e-03 3.839425467268186860e-03 3.102845041892987252e-03 4.483933339471479415e-03
1.552158273381296361e-01 1.160971223021584342e-01 1.685251798561149539e-01 2.299460431654678505e-01 1.435251798561152370e-01 1.638489208633095995e-01 9.550359712230209464e-02 1.575539568345322716e-01 1.404676258992804128e-01 9.883093525179856287e-02
