7.719944368660751842e-05 2.134769722923871737e-05 8.032229174441445551e-05 5.842713810704755527e-05 2.179810813273036821e-04 5.978437324345077671e-05 2.073050168926734527e-05 1.067002870655156234e-04 4.202017672727270268e-05 1.492654865226369714e-04
1.445400821613223642e-04 2.337313187050425701e-04 5.598861727418322307e-04 5.700883154022842129e-04 1.644885739710328536e-04 3.202172151879860559e-04 4.915959033154807369e-04 1.758129657315922868e-04 5.519121137238314559e-04 3.821536292892540460e-04
5.359723900427870334e-04 1.915685054028162565e-04 6.618081653013968687e-04 2.457413312846862654e-04 2.562488377954191300e-04 2.045305626788990476e-04 2.889669738053496557e-04 1.800992368082587100e-04 2.211806856021943405e-04 2.613943985740404424e-04
6.281248342686583663e-04 3.225087546787620786e-04 2.130669136318071814e-04 3.157314178544286601e-04 3.709794447846585536e-04 6.135947797771903762e-04 6.532033538767887532e-04 3.063325609424891616e-04 2.416628002851932758e-04 3.153280139011339065e-04
2.325768866850292640e-04 2.317098179751845210e-04 2.271639105576154529e-04 4.690736563300729992e-04 2.858216338025391110e-04 1.717547508402739165e-04 4.521198717336626983e-04 1.452723412913033520e-04 2.617439878656455045e-04 1.921819076607628022e-04
3.477427280336919317e-04 6.283376865436061161e-04 2.345426715685954304e-04 8.117158561621914525e-04 6.544371568783020248e-04 6.626232487779516777e-04 3.377800053486005585e-04 4.548709442682758895e-04 3.963961514379198527e-04 9.168804336142714591e-04
5.215523518609674423e-04 8.036859435804117767e-04 6.021499275664941647e-04 2.189638507748599828e-04 2.660201051297369514e-04 2.843107500688030415e-04 6.751977261654475366e-04 2.249654338214616489e-04 3.177734570538214205e-04 2.741123172952241870e-04
4.852637999734818182e-04 1.071360054838764540e-03 5.792098779484549471e-04 5.102834824510312124e-04 5.695203106766802458e-04 8.964251452375409171e-04 1.458208813062804267e-03 1.745128702858103620e-04 7.145314085401809805e-04 8.884120770291646131e-04
5.000827726114961974e-05 7.819807244974060964e-05 6.478731031488208197e-05 4.749448086483278492e-05 5.850335833495534166e-05 1.042161803692492872e-04 7.905031111672654873e-05 3.797311709029423110e-05 3.518558185736301420e-05 1.951182280962620569e-05
2.396611028842900984e-04 1.996497764068742972e-04 4.678342822856462811e-04 2.707467871035575558e-04 3.570350185790760618e-04 3.212092702659208971e-04 7.345244225737975309e-04 1.606171349821223463e-04 2.986622601031848072e-04 2.009682153402867443e-04
6.373246205634007814e-04 3.380437979933823673e-04 2.235192896072023001e-04 4.406779748440435920e-04 3.810273870838416332e-04 2.009096027390939977e-04 2.571846259335484647e-04 3.928694753381426082e-04 2.280394433210769815e-04 4.220890856423001672e-04
3.191068179284132491e-04 4.712747886018243460e-04 3.205377399561317657e-04 3.354939100759475124e-04 3.291910080278678667e-04 8.145057974863418107e-04 5.520617763605918746e-04 2.517915742948674280e-04 4.465669709608003344e-04 2.448872196584051821e-04
4.215211298772184685e-04 7.071523925840129954e-04 6.731180542450221045e-04 4.174674865610647468e-04 5.836131006264242641e-04 4.496870151846129454e-04 6.250403549625050195e-04 5.796042685933911831e-04 5.354529376645881817e-04 6.072873158742778804e-04
7.017303629574906873e-04 3.200859531689736093e-04 2.507059082335729230e-04 3.398536535279342297e-04 3.391156396357708036e-04 1.446065052225487674e-03 6.139090239050326234e-04 4.535003319730315481e-04 7.591166815744087833e-04 5.011247159778560315e-04
2.518849022418758994e-04 3.532199228973761907e-04 2.273178275705328190e-04 1.281043923332490916e-04 2.548194426939858403e-04 1.051697239555879647e-04 1.726029941911453149e-04 1.077465323498176921e-04 5.245993946301813395e-04 2.736499700518914562e-04
2.653653357222927845e-04 2.977476790597844303e-04 3.680127646594056451e-04 5.403435848324281317e-04 5.046974975662632795e-04 3.293619344806063059e-04 3.807589261699159634e-04 3.022856164098021718e-04 1.647210852975817120e-04 7.880498711519761616e-04
1.355885187265720487e-04 5.647196144726034268e-05 8.124201249045332536e-05 5.733389261429312311e-05 6.345532942849527376e-05 1.054596759540586985e-04 9.391944601819340020e-05 5.726481955650158787e-05 6.017948090410446939e-05 3.111156194489807898e-05
3.478036467941372821e-04 7.386436161250463633e-04 5.924194971210965197e-04 2.900356013134392646e-04 2.350386486735552135e-04 5.459855481636331082e-04 4.442539479788047523e-04 1.973003124314418814e-04 5.431083682869430884e-04 3.047177516629999395e-04
2.647659799801953305e-04 3.214235384073628444e-04 7.753695856210024656e-04 3.867044676863128842e-04 7.040743742648049742e-04 5.224718541580570478e-04 3.106878088839602758e-04 3.571733004552712486e-04 2.278960938582323583e-04 3.402097403203046882e-04
1.357799798840394903e-03 5.601597259691155125e-04 8.108180031754091965e-04 2.639057203655908426e-04 4.430483328791805773e-04 4.105829546082235713e-04 2.287606714728040612e-04 2.992062299264559616e-04 5.275573726269062232e-04 4.020151407972939956e-04
6.442897684807559564e-04 6.954882633659524929e-04 7.211399660120108163e-04 8.017489677920011833e-04 5.190594621327540396e-04 2.207075647132319322e-04 7.947047426347573183e-04 8.608748382199068669e-04 6.057245741663268724e-04 4.311975315765424668e-04
6.059936978236304603e-04 4.777535110358352086e-04 4.250555881455157716e-04 4.431688592261653925e-04 8.562380514193281564e-04 4.217055341796575136e-04 2.501983218280267717e-04 4.266935690609821087e-04 4.470363508397502575e-04 2.188050403240036608e-04
6.538508742227106983e-04 3.359247665383868872e-04 1.126144422754710237e-04 6.984612361998230939e-04 4.091185860500296131e-04 5.551849536644323790e-04 2.174664829253886785e-04 3.615837576514574795e-04 3.073801917987050662e-04 7.528036705663032450e-04
6.832060735615019462e-04 6.611283077685504213e-04 3.974495616328926678e-04 2.147195372274729452e-04 3.077852803150997268e-04 4.262413571989906013e-04 5.099934568046859094e-04 5.401121286409636939e-04 2.229298269964254348e-04 5.035315014262345054e-04
1.235678152182701048e-04 1.533843738171210909e-04 1.052718151912335155e-04 8.308124947785043275e-05 2.469943976310055422e-04 6.461832702360422462e-05 2.275480588074492436e-05 5.348887796309782577e-05 8.628754793605944939e-05 4.220393778947895461e-05
4.139495729962392595e-04 7.607040095801988980e-04 1.520647899385962377e-04 4.485981305574584296e-04 2.378112781842618847e-04 6.179049477254611091e-04 8.234267268583735522e-04 2.954173641858297891e-04 4.926607558910766358e-04 3.644552457863386215e-04
8.234110435456352180e-04 2.676066067387604017e-04 4.997746360762193949e-04 3.091666426412856055e-04 2.458611081194771262e-04 2.832817555167556301e-04 1.338844286966177658e-03 3.384844850374272760e-04 4.703939998257392844e-04 5.267452529648607683e-04
5.109047179509533130e-04 4.370704488261317657e-04 2.806739941900043573e-04 3.180509874843422949e-04 3.167279469499844008e-04 3.618789107409889653e-04 6.780431053656349721e-04 2.501783157413396924e-04 4.196639026791794207e-04 4.842083539788129189e-04
3.225186853417349596e-04 5.838077323128465284e-04 6.787342460135933507e-04 7.871999440702660096e-04 1.055191527916524326e-03 4.272222946922529102e-04 4.362556161086338135e-04 3.816785288694099498e-04 6.038079646605852861e-04 2.893319203781435835e-04
4.860942671473633247e-04 2.582012661304969835e-04 4.468056743536930465e-04 2.956157285395705171e-04 6.391846359270146041e-04 3.718782292143646851e-04 5.575775450147674389e-04 1.293995630534628240e-03 3.059383483504519020e-04 2.529184930313250557e-04
3.416042935320569686e-04 6.501604763721868102e-04 4.140384109485446525e-04 1.561434577770485534e-04 4.732730689885157670e-04 2.334925686474931272e-04 2.777379729867317259e-04 1.917557355258802157e-04 5.161373365848279972e-04 1.468332276677068932e-04
1.097922323068768009e-03 3.070258313036097124e-04 4.680527692792130277e-04 3.027169791963166615e-04 4.363544300476801009e-04 3.752873948390335118e-04 5.759464875894607008e-04 1.056142469665146333e-03 4.952853528493949241e-04 4.371494893134700169e-04
1.097488319201361936e-04 5.608353479805165329e-05 6.638898708157540051e-05 1.360129004317924667e-04 1.420735700602535794e-04 1.035248940321449942e-04 5.592554318062377503e-05 1.307407901962708149e-04 2.223807188813761888e-04 2.154007238564062702e-04
5.326832123917844396e-04 2.294082377555674138e-04 3.548364317338204357e-04 2.637140336109260706e-04 3.959770741139549298e-04 2.224383523452782392e-04 5.117411833597798523e-04 9.130812225951666318e-04 4.165034176415839478e-04 2.065214347742716353e-04
5.442186590460245266e-04 3.988445552543515901e-04 5.499295238151515183e-04 3.987248185889749651e-04 8.409417194817846945e-04 3.974480983508298202e-04 2.117132498836595380e-04 4.042257293549320540e-04 7.211033657372965247e-04 3.529449508118359495e-04
4.117209190071344661e-04 4.344574222310716846e-04 3.727235792338376408e-04 3.421107901546569440e-04 8.687261727780772221e-04 4.087165065664715444e-04 4.576641447157674602e-04 3.128204725606617206e-04 3.253405315990717545e-04 2.891734657596137020e-04
4.758272163285049783e-04 5.787012354520316114e-04 3.276730468070295573e-04 2.521682526325053986e-04 4.372317284021986399e-04 4.266394270978121736e-04 2.851403609450358203e-04 2.096602893409623444e-04 4.773113316082611525e-04 2.138004308745992304e-04
4.401779302454071098e-04 2.199859561651319772e-04 5.206670437780479667e-04 2.859797201710020508e-04 2.320938222244841925e-04 5.832866980896828741e-04 4.372322734437812533e-04 3.301090017353155385e-04 8.030646589424310366e-04 1.107936431327471690e-03
5.162650895214749951e-04 4.152697614259746916e-04 2.316478568621001266e-04 8.293983314664222519e-05 2.853135950154513361e-04 3.943535235780128785e-04 1.895580794267542532e-04 8.573493046408517772e-05 3.337324534512840042e-04 3.764090342412522699e-04
3.560775505096269787e-04 3.393411490388195369e-04 6.643034484360505398e-04 1.113642256524776221e-03 5.714932992576625534e-04 4.016218116340050225e-04 3.678872635564711452e-04 4.339945835052060052e-04 2.707899359485747316e-04 6.000292278658677465e-04
1.436369108421439961e-04 9.479035003071263155e-05 9.165218754622356939e-05 1.547443536408774946e-04 7.927816647346697858e-05 8.354533738392204293e-05 9.866914164153098299e-05 1.051138395026616498e-04 1.184245116362331665e-04 1.710489033170927364e-04
4.366788892983455980e-04 3.926244859595905481e-04 2.057093424443381773e-04 5.292581786122974854e-04 3.069852954208710503e-04 6.621500787255597299e-04 1.221376982191767300e-03 9.365691464642475744e-04 4.681047363744003154e-04 5.283757747064671446e-04
5.269395922719528674e-04 3.359308894346731741e-04 5.589319278492092813e-04 8.173498877372606386e-04 2.582687800093453907e-04 2.578527682597466560e-04 4.623738026024971307e-04 4.086029308132813130e-04 5.922898404155444146e-04 7.255473107039439075e-04
5.433113660467486740e-04 2.221963402778509523e-04 3.744079769676435525e-04 5.144756825834784783e-04 8.430511936900233734e-04 5.279503037281493057e-04 5.053974855644409632e-04 5.003701086348809118e-04 2.901566276864569745e-04 6.063869963043962879e-04
3.865758541542411021e-04 4.622911553415086816e-04 7.919739910240990079e-04 3.602244616894548137e-04 5.781721917522293901e-04 4.635411245088218038e-04 2.933179608842293048e-04 5.276889520261879253e-04 5.556007200997200397e-04 3.920452759052584293e-04
5.030722126804691805e-04 5.656552255549676927e-04 2.395714503021558611e-04 6.163160446010868205e-04 5.209982884272687780e-04 3.754170902178013427e-04 6.904291143196512924e-04 1.238648200947035233e-03 1.008771472097026722e-03 2.101614745120176193e-04
4.685231032265771748e-04 2.915298204088927377e-04 1.807513667417112366e-04 7.438613563508775835e-04 3.942806911012682806e-04 3.610539014965768925e-04 1.248239683951656324e-04 5.974909210473592584e-04 2.678967314441699330e-04 9.631180139549820032e-05
3.901361556078665645e-04 7.906700946345385315e-04 3.215224467442077917e-04 3.139815377166309479e-04 2.195071745691005191e-04 2.123447328446910172e-04 4.604375719206052855e-04 2.228338666127234490e-04 4.144895487545413007e-04 7.410058396047204763e-04
7.820039339073646639e-05 6.262383562264899734e-05 8.495293530786194463e-05 1.618207780527930299e-04 6.224229621973451001e-05 8.895122641262964811e-05 2.206036834883176893e-04 1.289242646035059772e-04 9.767230234219642713e-05 1.693310571640012840e-04
5.066856346642861775e-04 3.841430954521052972e-04 5.827562200151502250e-04 3.205074093723693767e-04 1.940640972747352273e-04 4.510736189179454002e-04 4.184434039028504066e-04 1.921204958471147751e-04 3.417279560192946564e-04 2.243193519849478123e-04
4.206109313908929317e-04 1.810619257412052034e-04 5.108141749265938860e-04 5.604486535298800181e-04 7.003979096440190273e-04 2.909090555255536129e-04 1.763117576856604014e-04 1.941954534739863685e-04 3.586796757453670917e-04 5.230496664443155721e-04
3.326815879296950900e-04 2.862838751307908284e-04 2.449679525656433491e-04 7.378604224600943725e-04 4.715230288180420875e-04 2.644660232574300380e-04 3.270056323599412158e-04 8.041223532903505299e-04 7.117485061373933931e-04 3.547075086149546817e-04
4.425071999079608688e-04 5.749822648874415489e-04 2.231985097389752861e-04 3.385014883917314117e-04 6.643577027081056484e-04 3.907525876161179975e-04 8.017179952324166286e-04 6.642469974669726893e-04 2.195030879564303765e-04 4.709161534157034696e-04
4.633781805962124307e-04 2.620222462161008858e-04 2.831704538279759733e-04 2.826660392148916900e-04 3.388553810015867192e-04 5.856842881641271615e-04 7.394721052699285407e-04 4.983282810990838189e-04 3.320313163049978117e-04 3.900997783478530006e-04
6.582331290865946964e-05 1.301702623057225075e-04 1.183082544855770541e-04 1.416464105651979606e-04 1.842067100694192968e-04 1.264531727805386595e-04 3.841202564377223499e-04 1.157147237947458421e-04 4.408106318189796520e-04 7.298129639313546968e-05
8.199185893794731696e-04 1.134843982462138082e-03 2.673654948484514263e-04 1.001344874560165972e-03 4.929848085461057414e-04 3.008529344180349715e-04 7.281690028959152518e-04 4.366366406475527063e-04 1.601024242521534747e-04 7.512490185225804452e-04
1.819773784527080242e-04 4.685171200589121937e-05 2.029316743165000434e-04 8.267213026328160391e-05 1.769824916514900893e-04 2.141316159086455368e-04 3.329037588730239170e-05 6.283383525475855940e-05 1.332897668508973210e-04 3.735999298931315024e-05
6.127390903663033645e-04 4.953160238947206060e-04 9.718783835561165766e-04 3.363400406118085889e-04 3.818890840113860121e-04 2.719493428175264902e-04 2.915331055230092915e-04 3.611958230977350168e-04 5.350369396166184711e-04 3.631033981792924177e-04
2.069713632849974020e-04 4.819040436111471501e-04 4.561037545369312743e-04 5.537026445430429534e-04 3.687722619337227710e-04 2.647401329029179084e-04 1.511612771794760386e-04 3.235122759712594914e-04 3.670841051574028025e-04 5.538938773134215263e-04
5.951493193992655030e-04 4.824698225358789992e-04 9.931799579026027915e-04 5.189315503287724981e-04 2.087305790295182234e-04 3.445054649422110292e-04 7.292966175947503430e-04 3.424780368690781129e-04 3.617832297518107452e-04 6.185329150068012097e-04
1.831980220414071686e-04 5.616609980391705807e-04 2.159419757881538221e-04 2.746757369748403072e-04 1.319502658242194975e-04 3.908985056439419565e-04 5.153868911969747800e-04 8.508778015778311211e-04 6.811359547086870284e-04 2.068286521373428443e-04
4.658382289617415961e-04 5.104389111716645892e-04 4.261062566261075604e-04 2.680747136355907611e-04 3.727500409136457696e-04 1.511834394228935452e-04 3.172100760654650233e-04 4.688985890266542567e-04 8.684031084406607613e-04 3.406297792627650009e-04
1.020234765971051333e-04 5.087443564567806437e-04 1.323264978723040052e-04 1.597288755926267638e-04 1.302652807220689227e-04 2.693482208844076445e-04 3.097226708418531643e-04 2.144225716757401407e-04 2.059562865787229152e-04 4.828528911306367074e-04
6.028654329524704876e-04 7.325406396707417802e-04 5.091671457977875112e-04 8.767291104204915720e-04 4.042940437119037548e-04 8.342252519088655827e-04 6.797742479845571111e-04 3.752459097507833494e-04 1.676907169730654603e-04 3.247763878307158747e-04
1.722081152737364403e-04 1.533253922914444797e-05 7.200519305828872866e-05 6.264255011887516402e-05 1.261802646167946101e-04 7.581720724767957147e-05 7.930514397782311320e-05 9.565409167523885475e-05 9.970340514331291811e-05 7.857860267527301459e-05
2.888849453506369042e-04 3.926803497099546941e-04 3.414075505203129903e-04 8.733889924844367644e-05 2.055387043186432394e-04 7.258764136301049672e-04 6.690500937340815042e-04 7.143715403384932362e-04 2.984864882110330035e-04 3.864687784029697398e-04
2.523397364621801100e-04 3.172990785366075549e-04 5.220332591492608419e-04 4.068380206178996098e-04 4.282036866973018790e-04 1.861588118926661500e-04 3.050764544930256164e-04 3.461661139174775754e-04 2.731995472859885662e-04 2.654243232736657561e-04
4.196205127103356646e-04 2.895563555322460628e-04 4.349362658032461374e-04 1.551606090922186092e-04 3.933067686109672492e-04 2.323756149676667391e-04 3.466846002453296671e-04 3.972804911534657353e-04 3.071911304826938300e-04 1.055994380355435285e-03
9.868520534235449698e-04 1.427821477422096773e-03 1.196088122270309428e-03 1.694662137365079372e-03 1.119977982389567563e-03 1.161558780099117717e-03 2.527285340170248081e-03 1.080324083511488868e-03 1.042761430237342619e-03 6.552054858611336191e-04
5.622412208749869196e-04 7.023485252457400138e-04 3.782431033080677248e-04 2.972998339782482232e-04 4.801883814909991546e-04 7.777514996955520003e-04 1.080477949903836405e-03 1.845009876708404977e-04 4.702975830737144737e-04 2.913753385301730454e-04
1.125972616617014135e-04 1.125745424424045486e-04 3.332678594072156861e-04 2.648434393405104358e-04 3.489544533727568240e-04 2.248895126205608893e-04 3.671716487695130589e-04 2.010938479240708353e-04 5.264776726808565409e-05 3.577840836333493662e-04
2.803547961307160594e-04 1.101446642133482303e-03 2.563809240776603743e-04 4.052103431118964571e-04 5.366642352378923810e-04 4.725757114606135480e-04 5.090293137400094849e-04 3.426348431092814182e-04 3.781377062101516791e-04 1.579646132835631146e-04
5.223422071516987020e-05 1.451552906479645737e-04 2.647777733297074568e-04 5.516369073482492170e-05 2.236044222160917558e-04 1.244736372587262017e-04 1.725712147538581410e-04 9.626472875867598947e-05 1.095838294001834183e-04 2.525912906282886143e-04
5.468832581992958894e-04 2.413426302885263619e-04 4.087094880030208528e-04 3.827036524380415523e-04 5.172734799472030257e-04 2.594465397243934154e-04 2.498236042004232374e-04 4.654553957617821596e-04 4.449867087475404452e-04 2.859229892183711482e-04
4.151276373036188929e-04 2.862741934348884314e-04 5.883002810973636358e-04 4.107167731569312617e-04 4.389022234581819917e-04 4.728190917228710256e-04 5.188551798407060531e-04 3.360258459817737245e-04 2.204631498002912102e-04 1.784535650899501686e-04
8.491129797154966206e-04 1.017446061077359942e-03 4.076544145562781100e-04 8.022605114778466823e-04 1.489797056248668219e-03 1.171812322757787884e-03 1.058577833619139862e-03 4.875411056755776362e-04 9.969020418665148434e-04 1.069315789627146157e-03
6.455323627727162575e-04 3.085974606469627131e-04 2.779692425089866142e-04 5.211772035232632933e-04 5.949815568560741248e-04 2.113714448970993240e-04 2.529353880776329393e-04 2.491143100887263304e-04 4.834118438898439606e-04 1.656205033549908298e-04
4.059289757487506852e-04 2.619666539880033244e-04 1.077896813889938797e-03 3.129157918442978495e-04 6.987542186231790204e-04 4.631363655064533427e-04 8.074553992596596218e-04 4.004409069282274585e-04 7.752650200605510104e-04 2.872570397670670445e-04
9.434141966182648591e-05 6.528975653911998347e-05 1.150268276801757865e-04 5.091363968152262117e-05 1.413855296979415989e-04 3.415427151427589801e-05 1.343446997067664853e-04 6.367958065416148307e-05 4.641793888438488998e-05 1.367748434275235575e-04
8.159317860729568264e-04 4.443045791137353938e-04 1.870032029172873957e-04 9.985238857843812491e-04 7.084449680747208862e-04 7.190923521619776992e-04 6.956373570981636825e-04 4.535253999136801121e-04 1.400966783839888413e-03 2.736170815492466640e-04
8.140121192510962466e-05 1.291562424720423712e-04 2.011021579942874529e-04 1.034471916563166317e-04 1.644539854956529438e-04 8.048811211923565456e-05 1.262866503224910656e-04 1.773536427768242197e-04 5.622577826710130903e-05 1.337150748245954836e-04
7.813614110739259318e-04 1.068241375267324315e-03 2.883859779972385842e-04 2.710787573462750035e-04 4.633619730206698121e-04 2.419158593748808991e-04 3.545922825136735160e-04 3.621234224060856976e-04 2.489304331699831356e-04 4.938372086227266330e-04
2.103435863682584343e-04 4.070011151039577661e-04 2.457589296848054859e-04 5.300403720767316897e-04 3.621653002834797352e-04 4.632679038223320349e-04 2.762135299384358865e-04 2.691297878365239422e-04 6.406001896323116566e-04 2.560953699984455851e-04
8.786099195397161030e-04 1.057741038104224266e-03 1.386384471179218959e-03 9.284430710124048740e-04 1.793688952247881122e-03 7.161338802151506408e-04 1.066301955179851414e-03 5.041809681920719939e-04 1.101231546670544377e-03 2.208907406345808535e-03
6.783816470220030686e-04 3.536512866916749227e-04 5.603795297247493720e-04 2.493819907787167903e-04 5.881948792725989576e-04 6.052554554138670634e-04 1.774908740024010341e-04 2.123842469547795203e-04 2.969608589891338675e-04 2.661229313175247110e-04
4.389107511286560021e-04 5.245235215741766901e-04 5.414469484451327674e-04 2.927041505386058541e-04 4.413259626306380236e-04 3.547940891362239197e-04 3.948766079101745157e-04 3.108797078939863926e-04 1.919784163814762653e-04 5.985625584376812625e-04
1.362879310400352340e-04 8.033416371568866371e-05 2.156334340109426772e-04 2.508379455684407234e-04 6.934369702665330449e-05 1.344674176368576720e-04 8.248698752916417852e-05 2.022438069351305398e-04 1.187275154372034475e-04 4.911027793113951757e-05
6.339605296583658133e-04 4.054307691601358914e-04 3.350918897964560062e-04 3.014167595697190140e-04 4.229191070669796929e-04 4.208470227110099027e-04 4.867933889302560155e-04 1.029502904204127002e-03 6.711022376682915409e-04 1.470076465366579755e-03
3.063124772953998085e-04 1.665128013781815410e-04 1.261911296783906099e-04 1.379414426778865208e-04 1.562189337687961322e-04 1.737065069080823837e-04 1.087728127217112541e-04 6.484131989345468688e-05 1.507293801910391596e-04 1.639725372443464170e-04
4.644517739405015322e-04 2.233315018681877753e-04 6.486599031346957159e-04 3.035742823504651968e-04 4.546910400052598614e-04 3.084571502721209640e-04 7.155425490857508265e-04 1.871791339454540034e-04 3.849605170861538435e-04 2.464509749683456950e-04
2.247745367840130041e-04 3.062142081529154423e-04 2.534135659096987351e-04 9.556421646021730741e-04 2.500444862520831337e-04 3.075628459361264260e-04 3.536443378018266220e-04 2.266971731987799316e-04 1.586564245637293543e-04 6.288964801647807567e-04
5.931103962889135682e-04 6.517885339173573080e-04 6.221846680819504566e-04 3.420238591063931230e-04 6.556957466288897661e-04 2.525024420165888472e-04 8.296622121681336472e-04 2.330694698525206064e-04 3.423462174832462472e-04 5.855933860992127435e-04
4.833584289592581179e-04 4.117507729271051384e-04 6.618261150510083412e-04 6.416442541831103488e-04 3.437143633816091550e-04 6.236686230256219439e-04 5.299862262756952066e-04 1.557010348937191589e-03 6.187993021984851578e-04 3.662062845638152709e-04
3.551647365012219242e-04 5.963810633967655877e-04 3.024431774051329603e-04 3.224493111776268947e-04 8.762742536221100956e-04 2.435807740448153811e-04 4.154360553317428613e-04 3.804663585192926897e-04 8.973145721185394686e-04 2.988946789158904811e-04
1.317454002971054738e-04 1.318850094359197260e-04 1.998118839987921241e-04 6.402468202631339143e-05 1.658728857918568157e-04 6.610857683663104412e-05 2.415746264447591728e-04 9.576483116962225062e-05 9.821295768939954530e-05 6.115584410510659238e-05
3.454623974918558842e-04 2.987514428404832367e-04 3.438522058042409050e-04 3.525479170034024495e-04 5.483810310332279826e-04 1.484205982352533463e-04 4.577137864010738717e-04 4.349953436652344860e-04 4.777511740778389495e-04 7.111430248511887249e-04
5.138084890542698839e-04 1.584694558764252630e-04 1.588929615607818945e-04 1.066175421698508161e-04 1.331156406486292548e-04 2.678430260297523860e-04 8.849826070278639064e-05 1.140819951774784367e-04 6.146032465816306809e-04 1.270308021836977046e-04
6.965160177404707649e-04 8.947810649446643217e-04 4.723219490093653341e-04 6.433389095335276210e-04 4.144948099882408738e-04 4.239163891469594327e-04 2.539522573335972451e-04 1.075165537743781249e-03 3.081776768241291050e-04 5.477548819913126811e-04
4.632461795548269015e-04 1.488555248996045050e-04 3.511712992490360896e-04 4.902181527041840972e-04 2.173993222628445938e-04 5.583808222796532526e-04 3.338629699955742965e-04 2.705223317715740091e-04 5.033480460138957434e-04 5.795368628420149212e-04
2.099904870310052472e-04 8.728237155033151265e-04 3.867306398950257529e-04 5.371341015554915391e-04 3.709248740413002886e-04 4.209008211126435755e-04 3.218262670589308420e-04 4.028555963114365673e-04 3.877609190866389494e-04 9.095747952549367889e-04
4.704285057272626961e-04 1.121762548214747359e-03 1.082640468275003357e-03 1.041085105288473223e-03 1.145557601634796191e-03 7.304102102334401620e-04 8.394266123168011001e-04 1.169061694727286868e-03 5.736909869111058618e-04 2.273751609286185594e-04
6.017029254205067930e-04 6.420729727245872267e-04 5.580172706444397552e-04 3.632817411071548319e-04 3.528529065630482252e-04 5.978282498700207342e-04 3.506422025794029814e-04 1.196862862231354817e-03 4.171377009621045915e-04 4.738812202150729548e-04
1.738887193724377301e-04 1.928245674895218685e-04 1.363209626087261237e-04 1.203814767108803092e-04 9.760373332475709971e-05 1.744569027179943205e-04 1.113639733618930505e-04 1.000138966904238504e-04 2.832576641568743830e-04 1.824813597625217379e-04
5.016874797092493298e-04 6.078097739986535342e-04 8.544693463621603688e-04 8.131697503641130550e-04 3.809348804743989923e-04 4.567482286257678247e-04 8.466820193616880026e-04 5.263995227412046922e-04 1.713358677662341393e-04 3.529848791770770402e-04
1.975841586636943766e-04 3.669161007472104418e-04 1.059949405842278971e-04 2.478030833222996882e-04 2.789707480132391521e-04 1.709086737861652597e-04 1.753986863695647033e-04 3.466938915416039116e-04 4.164729165989293318e-04 3.716371714339714765e-04
2.066857603992891795e-04 3.322520136738218977e-04 6.894768960859982195e-04 2.990495401917104982e-04 2.154284921526900052e-04 4.381203908193009259e-04 7.893431658950722778e-04 4.037344571042090786e-04 9.259264734540043930e-04 5.403691840137482116e-04
2.148040292388602194e-04 2.628862819928691496e-04 6.814591917660267053e-04 5.341088128444834975e-04 6.367878241146096574e-04 2.013702149705133191e-04 5.521485047243162962e-04 3.784457924105535552e-04 4.950617942582465026e-04 4.552342299080999353e-04
1.673072134632413348e-04 1.274306686790283721e-04 5.177501436185226544e-04 4.457833128749448624e-04 1.251930221337732053e-03 1.029350951105672141e-03 4.829509710060868994e-04 3.588418152401803645e-04 4.036720677665270839e-04 4.958224893729214558e-04
4.562551600461598389e-04 8.980719061578385041e-04 4.988214666157678211e-04 2.341623635326357420e-04 2.010325360996236465e-04 5.330167288425658161e-04 5.899299769633028958e-04 9.743168294114120829e-04 6.716879211699976161e-04 3.437035964863134120e-04
1.508969536760531400e-03 3.568195676124055640e-04 4.186996215990531787e-04 2.808307162595773988e-04 4.507348262786754160e-04 4.291049137479732581e-04 4.662073628725521600e-04 1.276130408414093446e-03 5.302082680677998403e-04 1.902169370400148862e-04
7.268825995243989677e-05 1.151517606779739748e-04 1.085429929526268787e-04 7.879488687296344650e-05 6.427107305436197972e-05 2.808047379552005857e-04 8.437950725035066378e-05 1.030239922106022195e-04 7.289340319858340228e-05 6.355720290008285865e-05
2.427238331699089601e-04 2.729948967378958893e-04 6.869963766512525525e-04 2.613038332277414170e-04 2.458828809579625594e-04 5.525261411269288435e-04 6.361061324180111243e-04 3.740276037410710007e-04 1.007657066950084926e-03 9.271065042562006212e-04
1.422564556776630303e-04 1.363674566386184693e-04 3.502616910264601605e-04 2.169339840451899428e-04 1.994445382970828082e-04 1.033703801908604237e-04 5.717218692835759994e-05 3.344764478660689931e-04 1.021760407109495640e-04 1.380882849711061167e-04
6.902043283939586537e-04 3.007418016123431133e-04 1.047426876457489223e-03 3.458489579853485461e-04 4.259276754779410404e-04 3.310171782773777428e-04 1.408950683436329407e-03 7.356130195050728827e-04 7.033106416494771087e-04 7.973122966799568593e-04
2.145213239592612333e-04 5.551835992161222510e-04 6.820441663435344642e-04 6.646975910444472262e-04 3.701237747776218133e-04 3.099867085808947478e-04 2.879285613650127548e-04 2.287239717656047375e-04 1.212782978156666590e-04 3.026875334225388302e-04
6.557286619480975258e-04 3.893640718189810002e-04 6.739464037412408806e-04 4.087933162054780485e-04 1.176120329462659094e-03 9.464398645281067463e-04 2.992810504180712307e-04 9.765928666545060574e-04 3.524143996054880808e-04 1.941590509663209622e-04
6.167468355517555451e-04 5.329372872144243732e-04 2.258809957857066039e-04 2.699127906492967120e-04 1.769733013457491636e-04 4.808652693481854905e-04 9.799517829692273863e-04 1.047568579684909418e-04 2.464340056915584635e-04 2.484844002958288612e-04
3.491206756034361696e-04 7.112396724343126708e-04 1.201804617783173849e-04 4.168991576074263850e-04 8.786202272078692593e-04 3.368810897500687344e-04 1.392697385381619661e-03 2.081232797252282230e-04 4.303659701274964466e-04 5.554724789042952320e-04
2.434170662167996799e-04 1.233448945508908851e-04 1.019374837567345912e-04 3.507059424733669113e-04 1.136670300827227249e-04 3.126247467071420895e-04 3.006785813994604053e-05 1.042814949350812407e-04 1.442798275445629648e-04 4.760510274833528463e-04
2.581137358627241894e-04 3.612920087732313101e-04 1.486774938160267739e-03 7.570691104850124946e-04 7.133787118887219888e-04 8.263283054484281409e-04 5.443601857742136384e-04 7.228955929748177769e-04 3.908772717405841141e-04 6.052961331920248596e-04
1.907973315837907351e-04 6.968557413060982885e-05 3.598217959033738833e-04 4.902333368745324677e-05 1.317756373426214598e-04 4.721355786694023723e-04 1.864032297258881306e-04 1.859729021284138963e-04 1.529393925562717437e-04 8.788956789552206930e-05
4.782362509478687066e-04 2.562413205764810394e-04 1.059248137221674392e-03 8.153549437807099554e-04 2.409860972403268201e-04 1.364414571141791947e-04 6.116974167005812891e-04 1.325338757216838401e-03 1.072726012861880155e-03 8.881761476251926303e-04
3.831623901109412604e-04 4.539742738997211012e-04 2.877367039646209958e-04 3.459671973511697788e-04 7.309167715683858625e-04 2.103347274304461292e-04 3.845003360556232381e-04 8.185122621765359872e-04 2.303187418908343557e-04 1.423318415540499331e-04
9.948831290853264210e-04 9.345469633187271623e-04 4.152460194606391835e-04 6.051961406811573810e-04 1.045951305938438037e-03 6.413908080332771534e-04 2.034015972601720373e-04 9.779856384744649300e-04 9.785635888198563736e-04 3.102666332043364176e-04
3.016546629879958787e-04 5.366966638571336792e-04 5.483034309199524836e-04 4.259380246873108980e-04 3.137608233768370393e-04 3.229066438006300771e-04 2.265646211275570022e-04 4.771913997700784425e-04 7.024844753627231073e-04 2.621846112965059233e-04
4.703974241677125667e-04 3.531445197651412516e-04 1.615553015590836172e-03 3.302511420439876761e-04 5.974209568477309136e-04 3.443625881357549080e-04 8.793121414984850616e-04 8.428401989958409380e-04 3.586209514298934527e-04 4.384376830242789715e-04
1.904055987620144070e-04 1.169629774513859398e-04 1.821052879160738546e-04 1.487182561099100755e-04 1.023293390938324562e-04 6.284727530369641478e-05 8.098208299738360186e-05 1.281590309770850775e-04 1.026943916552508365e-04 1.019326983918409128e-04
4.826610344836101464e-04 3.203902702584024496e-04 5.869911119667819066e-04 4.787291379129511907e-04 1.091585880646440271e-03 3.367637786755111836e-04 5.021147875451010840e-04 1.616999385899948538e-04 2.964050082656418793e-04 4.484271877867315802e-04
1.842188169933828756e-04 1.749638218418234211e-04 2.761388490117939109e-04 4.611756590865349436e-05 1.148465548039984152e-04 9.598512297769949935e-05 9.556088045922486913e-05 8.714185904941731953e-05 1.828340135319791310e-04 1.469270790723964555e-04
1.002426201515592028e-03 1.455166105263909927e-04 9.276369275466161404e-04 1.671645016917578806e-04 9.863108565849915306e-04 6.088979566209353064e-04 2.234724894834649411e-04 2.700868256488774487e-04 9.870811089279089064e-04 4.663615417582462719e-04
6.333679033038605534e-04 3.425956803564833997e-04 5.629527330681383373e-04 5.725052906954493284e-04 2.512642504484499141e-04 7.006037142227085910e-04 4.034537807187621146e-04 3.982483919002252431e-04 7.759813156004808851e-04 7.888878590774814044e-04
3.613156787320551165e-04 6.751708009046183435e-04 4.510715001990169633e-04 9.351892191893189377e-04 7.452631969060121353e-04 1.934636018549147022e-04 5.612594636834856380e-04 4.075212487135755493e-04 4.346716609548106577e-04 1.074337698251813435e-03
1.175716923258133834e-03 3.970478537756237485e-04 3.158401050262404832e-04 2.871176437144186107e-04 1.522977079351522001e-04 7.290280176511830870e-04 3.484571549951207296e-04 2.326297601826323759e-04 3.830189698957179364e-04 4.913148329506902660e-04
6.319447143378555294e-04 4.034134035603967783e-04 5.171295383536648853e-04 7.900928407678874370e-04 1.022677550988067719e-03 4.794967266922889088e-04 6.761854191545945423e-04 5.184788479068848464e-04 4.211324286327224747e-04 4.442763711044513814e-04
3.298143484497310072e-05 8.626086935905886684e-05 5.762863336564487475e-05 1.028522952752180104e-04 5.587609491896532513e-05 3.488025263974563574e-05 3.407161358264239694e-05 8.275942283371367874e-05 4.617146597093685996e-05 4.783987268041217384e-05
3.322665270060707883e-04 3.965520160549265878e-04 1.886254248128797426e-04 2.821976771505071437e-04 3.778511403337168808e-04 1.245672129833868885e-03 3.699028242672527836e-04 3.256893867437843414e-04 1.853154528371117452e-04 3.483450032103457394e-04
3.288235221855635807e-05 8.176565852604570609e-05 1.106275698415615477e-04 8.656966122320240297e-05 5.965127568118731231e-05 7.341317727729075766e-05 9.195451855543236618e-05 3.976365370125160923e-05 1.036836754643226480e-04 1.162709991077871948e-04
3.702469900614016422e-04 2.872937053657239888e-04 2.168806162843994051e-04 1.791937692183092647e-04 2.507958765297402292e-04 9.743905856454846900e-04 1.095619468805817884e-03 8.643855334050075129e-04 1.303881456081769905e-04 6.320190617703841038e-04
3.530941256622610646e-04 6.260115429638239606e-04 4.290927768210166422e-04 4.844207643626412697e-04 7.836922787740716479e-04 7.279030750902131409e-04 9.308986403715882119e-04 3.417480889644385262e-04 2.984048656286156058e-04 4.426007045398961748e-04
2.465329131625296861e-04 6.672301282954156256e-04 9.030798529953195514e-04 1.126622510586039677e-03 1.364928700032305622e-03 2.019023936592385677e-04 4.527443676606481156e-04 6.070210543811090055e-04 5.582527473582797215e-04 9.469718173881068631e-04
4.968068851859438854e-04 9.790220279107450779e-04 1.605524534594572974e-04 6.048289961684729776e-04 2.991255749793138015e-04 4.540751049799383898e-04 2.110999439408446437e-04 1.011018304477985606e-03 3.303307914808255308e-04 5.312111853263860395e-04
6.848996495258244995e-04 8.458143417329327127e-04 5.590694044651475011e-04 9.544675076246392307e-04 5.961645235778541881e-04 1.839586090309612587e-04 3.188317851574626978e-04 2.374318160960802782e-04 2.439647406748794180e-04 5.179645639153459408e-04
2.745618416062931629e-04 3.464215063629933877e-04 2.177445583311037026e-04 2.805047067738277735e-04 1.977762728835065205e-04 2.129190755419546350e-04 2.178724519480110559e-04 1.501988501094110486e-04 1.241444787207249495e-04 8.538868841145917481e-05
2.745272911021431460e-04 5.487875251173350479e-04 8.041612833059683801e-04 5.916977383929917936e-04 6.598487126620216150e-04 3.996869363061053559e-04 4.153607035784773064e-04 4.408535197048951693e-04 1.931628556547069510e-04 4.657748442863569351e-04
1.913637102716354290e-04 5.488600129984201164e-05 1.148667868853330915e-04 2.229625122983264250e-04 8.663347597722555161e-05 5.761222677197069830e-05 2.260152777431224296e-04 9.828322571371825842e-05 7.113629268631850491e-05 1.426753705239601857e-04
4.713751609601515716e-04 2.591917788580164715e-04 2.862736081027541070e-04 5.805462613139220334e-04 5.454416496298870182e-04 2.172871192070048715e-04 7.191485051834196939e-04 3.092204053579707384e-04 4.810853317561950720e-04 4.468558726160527838e-04
3.555405092487294496e-04 3.236235717319937673e-04 4.837339696420679984e-04 2.218556978962882276e-04 2.918821936973463923e-04 3.185769130830999542e-04 2.116052632232612936e-04 3.570764100234798577e-04 2.396439756875081318e-04 2.455983536166175710e-04
4.875044937652396192e-04 3.782069682785357649e-04 3.316853974290313823e-04 7.159388561953996827e-04 6.957134662518238638e-04 1.011193413978271659e-03 2.529703341618482967e-04 6.657880236100520129e-04 4.376491098999266941e-04 2.332963182430050251e-04
5.274857384446385083e-04 1.233938482307724537e-03 1.411769751753726328e-03 1.260268396479107076e-03 9.509882472128072415e-04 7.301522697810558645e-04 3.825426511663716214e-04 7.759179014788079344e-04 1.246629304679368723e-03 1.987280016476239766e-03
3.742936658518771506e-04 6.458897888611443445e-04 7.138639590747869468e-04 4.289680918391133033e-04 2.949634718648045826e-04 8.487506240101952990e-04 4.352406475355367335e-04 4.319337705925621585e-04 4.490079463904717060e-04 2.664268289655214437e-04
5.014332022461802200e-04 6.161505241686547033e-05 4.817653743226022584e-04 2.451658887199003939e-04 1.895641189965456119e-04 2.433910862407887357e-04 3.606385237367066036e-04 1.078498182588725823e-04 1.853764217118338377e-04 1.913787857453358985e-04
6.951164382759237627e-04 2.417920626260609178e-04 5.058729204176052891e-04 2.631636299024220664e-04 1.345759535491883666e-03 9.167928473648924870e-04 3.754200572084962482e-04 5.033312876057327231e-04 9.741059711016288643e-04 2.488235527435009938e-04
2.422717216191729028e-04 1.255167826349006487e-04 1.013002700914954836e-04 2.312401902101258772e-04 3.092188096504607637e-04 2.311726944487726314e-04 1.023059739218879513e-04 1.927211730174899565e-04 9.381285892605590628e-05 1.701888725441100887e-04
3.449481069123589349e-04 1.874114296897327816e-04 2.203026664839922554e-04 9.681300548859899475e-04 8.819198453751128999e-04 4.734052538320631005e-04 3.500664357179085907e-04 3.673264803169254064e-04 5.475290945538630527e-04 3.081378509024904977e-04
6.792042688763263525e-04 4.363878973210546944e-04 2.300925047810561388e-04 2.323280037125262604e-04 1.202770774702731360e-03 5.642396377107707084e-04 8.088095785441477706e-04 5.652789248562003089e-04 6.955183116764624210e-04 6.786506724337386170e-04
3.025178486248785706e-04 4.767456769280057727e-04 3.440476829075464786e-04 5.184139284170421504e-04 5.278214318926693471e-04 5.631721350017450476e-04 5.305824216852481718e-04 4.933439307583337239e-04 2.485138369682445589e-04 7.406320947780874707e-04
5.809189164386189316e-04 9.709909236857269983e-04 6.223296095328355792e-04 4.075520089859909238e-04 7.887022704687119464e-04 6.864333288522700329e-04 4.544816895397293119e-04 2.971895335995080071e-04 4.198367985206400560e-04 4.785556323982535841e-04
2.290042815432069253e-04 4.160501247996711426e-04 3.406644124370397783e-04 6.208953129123175822e-04 8.783186746221272609e-04 3.368472370991706282e-04 3.684956124265003968e-04 3.458821039819531405e-04 2.567153066682065872e-04 2.842464118310069482e-04
1.254027759483923891e-04 8.629495348908008761e-05 4.026047543021665006e-05 1.476437759418912344e-04 1.674343167612027134e-04 1.101572851133871597e-04 1.509112578639670692e-04 7.664171000528466815e-05 8.035758245032470926e-05 1.159613209459397294e-04
9.051175450341587434e-04 4.725779343347799675e-04 4.943317825244550453e-04 1.853190356772705240e-04 3.770242345920077126e-04 2.570865982708486178e-04 3.837901666749062544e-04 1.450953561598470470e-03 4.722072640949580204e-04 1.461278396552580206e-04
1.048447009726376970e-04 1.857958448396469092e-04 2.132644555888387730e-04 2.697652186739383758e-04 3.929712499199206305e-04 1.375724876271801475e-04 1.450556325546567657e-04 2.890252136674651686e-04 1.965900370582001635e-04 2.131093003123036254e-04
8.137491658489002643e-04 4.793776005401342920e-04 4.790535875932201834e-04 7.841656746143330081e-04 8.068525973830243878e-04 5.727594251413717016e-04 4.642829424745101080e-04 2.016731566362846772e-04 6.472307574072026521e-04 2.247079033578964504e-04
3.845854416956915830e-04 3.704579183324126440e-04 1.957820731445066768e-04 2.801686407193306372e-04 2.575056460946978116e-04 3.001762413615370194e-04 3.332235248375644719e-04 4.354045552871092296e-04 3.614153037654113925e-04 4.448468457254275586e-04
3.592028532889218685e-04 5.546488703775697467e-04 3.877988475284569370e-04 3.333781032408714238e-04 6.347288225947894701e-04 3.143227050809299108e-04 2.133259068288840057e-04 2.012175358421184061e-04 1.146331488681754757e-04 1.080423560715107869e-03
6.111592920089302817e-04 9.470666900830635978e-04 4.308436104828629190e-04 2.435751039017242721e-04 3.908882486284585215e-04 2.093636876940392004e-04 2.696089966395005398e-04 9.469288988750758102e-04 5.175462199619376832e-04 7.999748329784456139e-04
3.439313395052835979e-04 9.338549927602233331e-04 3.715321923987728505e-04 4.626666364590128577e-04 3.853177391236232378e-04 3.128768144184346190e-04 2.251252072639176277e-04 2.040770750665434129e-04 3.860480178479194866e-04 1.186500933590794570e-03
1.870603769806462857e-04 6.287118538011840280e-05 5.205005262401983160e-05 8.038165269529814702e-05 2.520658623432850566e-05 1.608053289852629983e-04 1.035335165637793405e-04 2.701266698003666820e-04 1.248201066178168304e-04 3.933415154194949399e-05
6.634363473778868677e-04 3.076913065443029815e-04 8.511797113647019295e-04 3.177944541362054615e-04 5.598252112653576531e-04 2.011094440881298917e-04 4.906423524160921949e-04 8.822622895481591889e-04 3.400824382422126075e-04 5.762655331557654803e-04
7.962420690295987527e-05 1.158147101761402794e-04 2.485743099514330047e-04 7.175375378617326622e-05 1.813729660406209084e-04 6.111006795035321909e-05 1.068817439484526146e-04 1.479607546991273969e-04 1.945923601275657312e-04 1.511162104847999399e-04
1.067888686984400700e-03 1.725207459119382897e-04 5.142956824801044480e-04 7.378725610425974565e-04 4.498849628355546708e-04 2.621680619598266071e-04 8.920020333262582320e-04 4.149105669449208028e-04 3.376100602581209907e-04 3.909788506182587686e-04
2.811692293064364735e-04 5.448179530508225716e-04 6.997646081869223367e-04 2.974725145413423277e-04 3.379819296899380459e-04 7.025705725538307529e-04 9.878392311343864914e-04 3.758216032999615614e-04 3.442968822615066478e-04 1.049057899712323031e-03
4.896887631747545711e-04 5.527646672409429127e-04 7.126123515421239158e-04 3.445847165697034148e-04 2.997795000228463337e-04 2.736259394632679725e-04 5.680112461439619769e-04 2.683408613411650007e-04 5.923874982681622903e-04 3.058273334866480164e-04
5.078185246782909897e-04 1.182807449992435153e-03 6.959185965044003587e-04 4.845164784159283408e-04 1.711342957750530279e-04 2.756364466005266356e-04 6.009776829327695153e-04 2.777902654375191682e-04 2.454760269254000664e-04 3.634131573979762020e-04
3.654850831410086463e-04 2.646779702141894251e-04 3.904274168209187577e-04 2.540400552495710590e-04 9.816928989496841607e-04 9.895483537910600667e-04 8.588914393098448768e-04 7.791472002121877568e-04 3.478243781361641408e-04 4.809845622819043068e-04
4.056943203521855160e-05 9.148274446001947147e-05 7.415255123282155905e-05 1.313391330001311287e-04 5.527070477497957138e-05 1.158027059723618280e-04 8.956632766689501669e-05 5.831417709168214340e-05 5.072181663087489255e-05 7.764394089813753477e-05
5.111827058072154067e-04 7.491825571440101101e-04 4.448312650114200051e-04 2.793289093959836671e-04 3.661715841941530014e-04 7.018867107047488309e-04 1.929752014824915403e-04 1.855953883720523330e-04 4.811714163167325167e-04 4.541990561603634889e-04
5.296467507649651064e-04 2.935513023428936363e-04 2.480881041173107343e-04 4.158008875704414294e-04 5.599056859197430692e-04 8.507200191976403171e-05 2.416685312675482145e-04 2.038510749597605230e-04 2.083139605794865408e-04 2.775336784283626967e-04
2.034486810886557237e-04 5.124646974963713341e-04 1.880763065459322672e-04 8.283601620317957402e-04 7.952685272218005218e-04 5.597130224375584159e-04 5.974719518199790884e-04 1.965428720423756913e-04 5.451359969629739587e-04 3.429949975886751896e-04
3.578087433167268959e-04 9.434821311994196456e-04 6.798427727506134444e-04 6.424453419592404983e-04 9.539321763156488219e-04 5.822987293591717732e-04 1.862716974447750076e-04 4.112498890788024745e-04 5.193634042665811563e-04 7.295175147152930129e-04
1.142580632935951291e-03 5.539050083244761351e-04 3.817593236233719853e-04 4.624043355969878347e-04 9.083866945802799697e-04 2.613864271456971299e-04 8.715940238797537012e-04 5.326987993127584118e-04 1.185945926676632445e-03 3.483204240122128722e-04
4.674630819402236966e-04 7.262262014017630603e-04 5.325958666860354041e-04 1.426627655149910424e-03 7.420344072892736276e-04 6.022395040255129140e-04 6.354460393509008074e-04 1.030075747546883858e-03 4.418736008597033173e-04 9.543811206372383943e-04
4.501647442923548755e-04 8.179836272984483117e-04 9.587214634598488928e-04 2.375934300577604808e-04 2.352292848677976387e-04 5.551157977022511646e-04 5.729550013257793221e-04 5.473906491628514328e-04 4.917995448187539257e-04 3.847516101709952353e-04
8.089479673773405780e-05 9.928969674233913438e-05 1.214713271028252978e-04 8.821325634667785698e-05 8.655776057136438438e-05 4.344380025631117950e-05 5.276844460228484544e-05 4.098041572907176364e-05 1.616297571340625247e-04 1.042474440251694361e-04
6.290701999462490306e-04 3.851489480571931683e-04 7.338712004191511994e-04 4.888510270053628972e-04 2.706286089948277906e-04 3.384247374677472266e-04 2.479351237113368192e-04 1.966909809026369635e-04 7.468748362130863154e-04 3.570405957497058982e-04
1.864290244039709232e-04 2.488769490463762970e-04 4.300579515632178352e-04 1.106549559115977088e-04 3.021523471904986169e-05 8.924925933108851690e-05 5.437158745887056912e-05 1.427413811647891789e-04 6.232523214555218440e-04 4.373901492716092453e-04
9.247114838862926242e-04 9.510048044765676955e-04 8.106036512622468403e-04 4.406116311858031005e-04 1.187963841326215289e-03 1.260987383270387955e-03 5.903827542305104849e-04 1.521751000305783400e-03 6.309280975559303489e-04 1.894883786429785427e-04
3.950819963333051729e-04 3.701713897104698175e-04 3.235457562639169481e-04 3.829063018542131977e-04 6.652308620989822070e-04 2.268166527435209827e-04 4.714837861475894894e-04 2.994324294718485216e-04 3.418910142354298753e-04 2.350316856968552462e-04
1.114534531056806960e-03 8.978795521586258694e-04 2.763282647781827245e-04 6.337607496478785260e-04 1.149979891018020626e-03 3.246663937330850199e-04 8.776423595818900721e-04 1.389484220604131608e-03 6.550826850378040165e-04 2.476161604629338836e-04
7.020701890070720971e-04 3.251842535456263435e-04 2.929012915911985947e-04 6.664292663185739226e-04 5.460673549059575022e-04 5.298629159967749346e-04 5.412827185456568118e-04 3.861169832678596988e-04 9.101185807651611306e-04 4.742369323649205711e-04
4.171689463435999338e-04 8.049711710056187651e-04 4.392032591410874299e-04 3.656313728876927249e-04 4.422162263211405894e-04 5.737076607193903471e-04 4.996021946743006920e-04 7.993529036431566400e-04 4.778755059196857034e-04 4.576550846546829573e-04
8.821222423780839070e-05 1.228211730085258086e-04 1.302258136553255234e-04 1.006860623146964848e-04 1.230589487338390486e-04 2.769403926711169099e-04 1.108283346589664629e-04 7.186440681037869322e-05 8.293554224922069541e-05 7.298260305798985733e-05
1.120184383529979240e-03 1.100497292809638709e-03 3.724127685959315536e-04 5.998137739971453860e-04 1.101648516137690523e-03 2.132359450630907059e-04 4.287946831678325003e-04 5.603575288360367447e-04 3.326435113963892992e-04 4.348416457599216570e-04
1.035699796929155485e-04 5.461792958275677812e-04 2.486504998372561113e-04 3.831495862114897783e-04 3.956292294083057636e-04 2.755033490818227689e-04 7.132441367144516393e-04 1.110233261255102615e-04 3.605192961200474910e-04 1.864704789647137514e-04
8.114731184873369679e-04 1.941119161167592882e-04 3.558209701778568528e-04 2.309069651599398318e-04 1.022845050752081014e-03 4.279839705439652349e-04 4.433791748659057026e-04 2.989713329109965480e-04 5.838707336603720429e-04 9.860323293165195509e-04
1.741450850319757983e-04 1.709482487794097556e-04 4.599123022755274002e-04 3.955287022630995858e-04 2.677124738429845175e-04 1.616164144839351625e-04 1.918869998266022872e-04 4.037692831929659337e-04 4.376798514379148645e-04 2.427477714465508716e-04
4.936078009555658341e-04 7.789277812322452409e-04 6.247744826581090420e-04 9.766674020808829848e-04 2.667281179129940777e-04 2.501373130891275344e-04 3.749138366706290934e-04 2.516354365389502235e-04 3.044957065884109412e-04 2.355302252669293672e-04
4.952316835995185197e-04 3.572238069924213379e-04 6.103039902843669607e-04 3.057854058488216047e-04 4.197294765081780550e-04 3.328940892394893617e-04 7.975733545777814043e-04 9.750839961485653976e-04 9.302912234092469137e-04 3.758065885902710994e-04
5.671684660304884525e-04 5.885630134002900558e-04 3.555704884031692385e-04 5.013073339555117799e-04 1.891743837294994172e-04 4.207290375697585595e-04 3.402763420559613882e-04 4.165804310046443545e-04 5.140547157253932400e-04 5.176200416317541363e-04
5.457812618766321529e-05 1.046240188558288515e-04 7.684496739958385930e-05 4.032325112644338425e-05 9.619232013405843947e-05 1.229582881595939960e-05 1.683320574151610184e-05 7.615501480850490499e-05 1.156575787991153670e-05 2.031408832944308669e-05
3.325083355217824175e-04 2.298925997876774378e-04 7.527297040011103873e-04 6.356332503063438256e-04 2.915526674251724105e-04 3.239227911345681551e-04 3.990577847581349650e-04 4.053270010492366834e-04 1.121985090355639460e-03 9.906200183778918721e-04
1.021789144971415567e-04 1.054126708488609587e-04 2.260979111083455352e-04 4.110009376196744084e-04 1.911463077672218664e-04 1.390417867777853501e-04 6.087075545970172885e-04 2.517719985177750545e-04 9.443200238664018137e-05 1.929962301021855356e-04
8.226906982090498744e-04 2.615922902567733134e-04 2.963258588854334298e-04 5.576580379380881563e-04 2.246737637379852301e-04 5.634097235252164774e-04 1.143884310185569247e-03 6.016069400016685982e-04 8.653182342403321122e-04 5.903045777023911787e-04
2.530236196067489444e-04 1.568693493736275678e-04 5.883156804229696573e-04 7.822761861247936807e-04 2.515219528574435485e-04 4.950802678822221114e-04 2.737223588930225117e-04 2.026501079506421517e-04 3.080723457448510442e-04 6.718447917735077607e-04
1.081887962555592216e-03 1.182126384824663378e-03 4.655081876665903865e-04 3.913236654626482637e-04 3.999222563584897043e-04 3.781979649684594517e-04 2.511149075917879468e-04 4.739784755480489181e-04 6.952842615116370042e-04 3.959151950810336769e-04
3.338137062499032018e-04 2.277500170962350244e-04 1.877509903004977838e-04 4.034281543699912913e-04 2.799088275379979160e-04 4.433511354851666286e-04 4.043073324231078293e-04 2.625006720771494505e-04 5.333729064113598706e-04 9.961025965219319055e-04
4.166455799690412095e-04 3.267294358608702318e-04 4.639873916857501467e-04 4.380850600743549459e-04 8.724733969728924038e-04 7.541052966681526405e-04 6.430874616759573153e-04 1.462934659627705258e-03 8.395804999875435904e-04 8.518435801028162837e-04
2.674039115609019919e-05 4.581756132301260584e-05 1.763645876757218819e-05 4.646945369402615331e-05 1.709031842515682127e-05 2.329623946690242514e-05 1.413417338682781964e-05 1.006495422311554073e-04 4.579247469226258699e-05 5.878750297725511965e-05
7.245374009732263344e-04 3.887765898580997754e-04 8.004998829799548667e-04 3.297879379006972162e-04 5.775472875214535638e-04 3.038151310938564504e-04 4.422376310095197023e-04 2.243905600569678818e-04 3.312648491521388546e-04 8.585336146862686561e-04
7.791504126513551899e-04 4.261542122195231905e-04 4.592058841962044996e-04 2.622041260499475917e-04 5.966092267887989015e-04 1.395255575294197022e-04 9.659886420445326465e-04 1.260459079363706811e-03 5.142377361775768690e-04 4.320717100585599814e-04
2.104694664966185900e-04 9.186979349311845573e-04 1.839872286940991792e-04 4.590884508355927277e-04 8.083650909408281269e-04 5.106904279860834811e-04 1.681657859249928238e-04 6.255523296080624457e-04 5.475854312083719162e-04 6.455759676015776494e-04
2.248745368885669317e-04 3.217304891392254321e-04 5.605058543296629909e-04 3.036209309034054640e-04 3.846972467365619881e-04 3.343337123278876735e-04 4.796847323695913740e-04 3.705466501730413542e-04 8.138338417034589106e-04 4.886518817273494391e-04
2.897403753239053380e-04 4.422726518077112765e-04 4.609747168186229677e-04 1.053389423144304596e-03 7.206198602704436736e-04 3.760726038986168503e-04 8.706630833262325600e-04 8.750346440179351294e-04 4.947199827781945634e-04 5.335102252677282513e-04
2.765275273022131143e-04 2.584591850899280847e-04 5.848300615657615453e-04 2.344543322389827872e-04 1.761583394699370677e-04 6.948194564652171359e-04 5.117050839366084174e-04 2.676797627006660750e-04 1.649765835572359002e-03 1.011279760385582534e-03
8.103559328865352898e-04 9.271385256250562696e-04 8.869973772496519190e-04 3.052418485643006813e-04 4.444686774785769822e-04 5.153911780477737079e-04 7.617328221234233657e-04 5.187045203060753912e-04 8.720425961168978791e-04 3.308632811219912795e-04
6.641049561277221312e-05 3.123045178220624747e-05 2.008262772663560653e-04 1.156543189942455972e-04 1.321910416178432679e-04 5.121762856473061390e-05 5.116377052882887031e-05 7.163203480404928551e-05 7.506204377210808369e-05 1.516584975110029526e-04
3.531814752999700010e-04 3.606484722927197784e-04 3.915632116270878070e-04 2.914183991012518778e-04 2.666962840433262632e-04 5.903168646999878456e-04 4.567390940115863903e-04 4.470105370387563110e-04 2.031977937057168862e-04 2.061305281846572866e-04
4.813809549156579967e-04 1.742199411735027197e-04 2.602387786466501792e-04 3.772524964046857074e-04 3.273453957645730138e-04 1.654535679240711095e-04 1.149763066298995905e-04 8.537157455643231774e-04 3.679968327617511503e-04 7.014216278032604735e-04
5.293592452982442530e-04 9.900722883275259612e-04 3.663647067894362135e-04 7.008749720991717599e-04 8.404766749411522785e-04 8.456617341953466017e-04 6.440306019678529231e-04 4.395768068924867534e-04 3.009052001398954536e-04 6.700591006001557857e-04
1.238184173268096081e-03 8.682002728741297203e-04 3.256854203631874924e-04 4.325560143897371878e-04 9.558929524013431902e-04 8.127725824742501647e-04 8.436662652703563227e-04 6.869809127650485609e-04 3.291995433281850320e-04 3.686634552896879803e-04
4.303287225428850107e-04 5.440161800118945273e-04 4.012802579181323336e-04 8.903541090277692282e-04 4.106593477047380076e-04 1.573072587531067212e-03 9.179308705923108769e-04 1.107983352734043248e-03 1.023632701827466599e-03 9.375808267431871802e-04
9.510273651056943894e-04 7.999043918377351549e-04 1.571877831168164413e-04 8.446580802508354665e-04 3.669746733522453812e-04 2.443268535034762330e-04 6.201878521161699595e-04 9.952673324895760024e-04 4.935101092800864547e-04 1.456664063131010928e-03
2.602975279730044460e-04 6.854165218558144193e-04 4.189511061265710533e-04 3.647500099301977257e-04 2.312036192979079338e-04 1.780953721792803636e-04 2.705280686258476489e-04 7.981607011853942679e-04 4.417521074976058231e-04 4.926826417765913261e-04
2.651281372788617807e-04 6.092757412372889250e-05 3.379670237751012979e-05 6.356709097083630190e-05 3.684741777317105299e-05 1.402113572139678270e-04 1.044994088087628192e-04 1.086808770773989860e-04 1.216213182829882695e-04 1.677174540402358088e-04
3.349812605035783273e-04 2.789006630706785533e-04 1.198547629804794581e-03 4.668669527242167642e-04 4.489128506372020485e-04 9.881500033117086856e-04 5.589482215787982535e-04 4.201730656944506156e-04 8.048093074997549057e-04 3.066142807123891268e-04
1.513261886612089367e-04 7.990773572088473334e-05 4.171235445502558914e-04 4.040172599320948415e-04 6.628671217137514175e-04 2.349627889998854365e-04 4.013469183463126396e-04 7.595120472373665266e-04 7.314115572559279875e-04 2.115574577374586891e-04
1.090010606032900710e-03 3.119202700776503839e-04 1.697036838591674257e-04 8.155211790950825552e-04 5.445414852580380194e-04 8.571901031920940543e-04 5.117516165760675056e-04 1.009376277830791149e-04 4.729747849449788904e-04 3.775286582236079646e-04
4.038099460960347222e-04 3.010117689736493594e-04 4.260304382844063657e-04 6.399445011156916236e-04 4.267721262288699802e-04 5.480969646598075245e-04 4.169714114260461481e-04 3.923963395420497382e-04 4.019114068335804093e-04 4.605877013334950631e-04
8.624638385142971127e-04 8.022525841676812850e-04 1.274316279128958392e-03 1.279512792035290012e-03 8.918513056297069095e-04 3.248867216693841699e-04 4.051984621730513546e-04 6.014598578783571540e-04 7.551469803288655535e-04 2.395473180686902303e-04
8.597519585789436137e-04 5.587383657471972067e-04 2.492012191435722681e-04 9.890913462040486041e-04 2.250604581639035345e-04 7.009079276373338802e-04 7.395141642617391198e-04 5.363390920424869566e-04 1.258092781667367053e-03 1.066739475358248999e-03
2.077312004888054963e-04 3.267926802318495919e-04 6.541575433233360205e-04 3.031086758703059147e-04 8.753505439980195906e-04 4.884863709152604183e-04 6.103628419946776837e-04 3.469205965412160207e-04 3.004547196216025623e-04 2.420291388357743620e-04
5.399060576820499636e-05 1.317600834772258631e-04 1.313051256565261091e-04 8.364560481595692304e-05 1.600708072100230032e-04 3.794174996627778173e-05 8.622868953162376288e-05 8.701280577153621808e-05 1.253825010463731197e-04 7.269684720666961543e-05
2.315170983325339144e-04 2.032796984092638559e-04 8.058087290824219109e-04 9.229314526783994211e-04 8.874829391091530566e-04 1.088299121597624585e-03 9.580289300292979147e-04 8.283380340127074418e-04 6.801454495605645028e-04 7.231018009663480166e-04
3.942478245947316027e-04 6.558691320526023648e-04 6.275350105140054934e-04 2.282099195565708049e-04 3.908838944816010025e-04 4.125317924172205975e-04 4.589895585843553442e-04 5.859050725917942922e-04 4.903415688373534550e-04 6.820254047973106377e-04
1.567374273317049833e-03 7.867755579651556069e-04 2.619026586349694269e-04 2.924986435429918221e-04 8.816131025621785347e-04 9.087767599229359125e-04 6.009505290896390147e-04 1.030783575541897737e-03 1.247549157514672886e-03 9.245398295572532319e-04
7.258498513777125608e-04 1.824669286748671203e-04 3.062993935121266953e-04 5.691012055554482306e-04 4.001818769419638656e-04 5.801394635658531536e-04 4.186547618912888485e-04 7.770071144071678988e-04 3.431456200588799956e-04 6.896942454958467691e-04
4.065829233543662245e-04 3.704756561403214302e-04 3.434420889267684107e-04 6.178600530860819950e-04 3.045188279551276763e-04 1.617787261896421955e-03 1.096155777807309144e-03 1.156597438374099701e-03 3.787142539886397918e-04 4.732371296266902911e-04
9.115880171905432197e-04 2.829065421927692836e-04 3.715962500907118906e-04 5.570973177049212861e-04 2.001884792078573844e-04 4.749641491612432813e-04 5.138030114038041841e-04 5.839914269105472367e-04 1.060962458011219592e-03 8.529738421697675510e-04
3.821533987767171446e-04 7.307757487484846772e-04 2.492050756956503332e-04 9.833206777554396455e-04 4.812455214627192959e-04 7.916234319122738292e-04 2.421594115848591411e-04 8.207742069651750589e-04 2.811875676405288364e-04 5.227654522615634994e-04
1.052544083623800902e-04 8.909568401200126866e-05 2.696934074084067623e-05 1.053970065631369501e-04 2.616322675127887270e-05 3.430420899903142859e-05 1.107442268925551139e-04 1.354925471849551389e-04 1.044921103166646049e-04 4.197992858566846063e-05
3.601608003982791702e-04 4.229003697157324550e-04 7.125876928582234714e-04 6.663490627762027468e-04 2.181807216098054941e-04 3.638635940064691978e-04 4.015056423022802363e-04 6.624896788501891077e-04 4.386311040565424985e-04 2.892175535918033993e-04
3.356890824578015638e-04 5.871809651658084668e-04 5.139339406960108337e-04 5.187245760617517154e-04 2.279266170817038093e-04 3.138445019799745409e-04 3.578897224407220066e-04 4.729334169244600507e-04 4.524229084790832613e-04 4.164036209942752935e-04
5.561834748459119643e-04 8.911758716754860418e-04 7.818785629378872341e-04 4.507438951940647407e-04 4.138712548393604519e-04 3.071685734119447954e-04 4.275178763644928354e-04 5.071353886832669165e-04 3.618692275218588980e-04 4.281402930675817895e-04
5.826906513655737488e-04 7.923101298528203995e-04 2.526230723766156026e-04 4.494140097168554978e-04 3.394095726886017165e-04 1.558912507738740129e-04 9.627290245660136700e-04 4.272909591316469179e-04 2.933075427203435219e-04 3.690089314827002596e-04
7.059085419618295722e-04 3.733412244108843137e-04 7.700319261155989369e-04 6.683880181520076864e-04 7.087296996595498708e-04 7.020755927778782454e-04 5.908299891158842135e-04 2.985436293302515037e-04 4.376901506792658502e-04 6.147175802008424247e-04
3.331144401301594461e-04 5.888220248254252658e-04 4.528108284425726767e-04 5.873894759590431299e-04 5.127359686983517335e-04 3.803400800819745336e-04 2.665342054391484062e-04 2.838990533764443780e-04 6.803050976987462008e-04 4.281930107897982522e-04
6.942533858438914868e-04 4.976406444395118853e-04 5.184644967313810186e-04 4.798737869145168564e-04 8.084745005337430320e-04 7.301690471295948451e-04 7.462126643785913166e-04 2.993246681154260571e-04 7.063239364796889547e-04 5.301384616705110504e-04
1.533026631045731399e-04 7.934975737117178855e-05 1.310911328961069023e-05 5.926039062300894692e-05 4.128120316182950226e-05 4.877973924984715010e-05 1.809090717646969466e-05 5.737094982354430070e-05 4.945381602793343340e-05 3.032458181032057998e-05
9.855033771191852587e-04 1.041619306385657001e-03 3.269429351338864922e-04 3.825755922922259144e-04 8.740572040540989457e-04 4.336548142016300594e-04 6.583569517832514118e-04 1.311204617483753424e-03 1.670650456938246875e-04 5.228126424591436052e-04
1.129393600777419803e-04 1.255551222641221527e-04 7.310439182663621056e-05 9.099620554875169245e-05 2.370119961650807880e-04 1.731205482876532037e-04 4.749768387744074611e-04 2.050229948725098574e-04 2.217595272919603143e-04 1.592631539978522134e-04
6.818164804835040232e-04 1.065205763156160069e-03 6.928134164925171465e-04 3.733258598813585889e-04 2.553438740163404739e-04 3.172767909042644059e-04 6.834203301917207663e-04 4.731316781667641806e-04 5.064937669146053929e-04 2.200442396072087444e-04
5.792702796457952375e-04 1.642258508823585868e-03 7.874488561353161237e-04 8.784863072253505656e-04 9.263927681489273359e-04 6.588313550218247855e-04 6.090252740843977736e-04 1.335181422163304486e-03 5.037729277788406115e-04 2.298598360430821857e-04
5.697081898273686010e-04 5.387871101835478224e-04 6.405461423480634338e-04 6.441732360758532566e-04 3.627138034532434658e-04 6.266275966750147787e-04 7.789726392729217708e-04 3.854913766146705065e-04 5.620625344515617827e-04 5.083691256250860149e-04
1.095617396350653019e-04 7.539519563599253265e-05 3.771108790900447360e-04 4.218570173798393447e-05 6.233263128295925542e-05 1.513376128693703568e-04 1.712507082753269942e-04 8.065719064466750300e-05 2.553460980420776483e-04 6.425533607544396393e-05
4.786935141131868428e-04 7.966672099754764941e-04 2.895180673455457544e-04 8.854809103782906692e-04 5.710428681606841963e-04 2.391808792490135189e-04 3.395656243568301313e-04 2.574537138831682810e-04 7.177176805566578893e-04 9.710837023872774358e-04
